 time            i(Vmeas)        v(Vout)        
 0.00000000e+00  1.00000000e-05  1.80000001e+00 
 1.00000000e-11  1.00000000e-05  1.79999999e+00 
 2.00000000e-11  1.00000000e-05  1.79999999e+00 
 4.00000000e-11  1.00000000e-05  1.79999998e+00 
 8.00000000e-11  1.00000000e-05  1.79999999e+00 
 1.60000000e-10  1.00000000e-05  1.79999999e+00 
 3.20000000e-10  1.00000000e-05  1.79999999e+00 
 6.40000000e-10  1.00000000e-05  1.79999999e+00 
 1.28000000e-09  1.00000000e-05  1.79999999e+00 
 2.28000000e-09  1.00000000e-05  1.79999999e+00 
 3.28000000e-09  1.00000000e-05  1.79999999e+00 
 4.28000000e-09  1.00000000e-05  1.79999998e+00 
 5.28000000e-09  1.00000000e-05  1.79999999e+00 
 6.28000000e-09  1.00000000e-05  1.80000009e+00 
 7.28000000e-09  1.00000000e-05  1.80000021e+00 
 8.28000000e-09  1.00000000e-05  1.79999995e+00 
 9.28000000e-09  1.00000000e-05  1.79999863e+00 
 1.02800000e-08  1.00000000e-05  1.79999715e+00 
 1.12800000e-08  1.00000000e-05  1.80000133e+00 
 1.22800000e-08  1.00000000e-05  1.80002019e+00 
 1.32800000e-08  1.00000000e-05  1.80004226e+00 
 1.42800000e-08  1.00000000e-05  1.79995661e+00 
 1.52800000e-08  1.00000000e-05  1.79960985e+00 
 1.62800000e-08  1.00000000e-05  1.80029890e+00 
 1.72800000e-08  1.00000000e-05  1.79965743e+00 
 1.80479636e-08  1.00000000e-05  1.88486809e-02 
 1.86020625e-08  1.00000000e-05 -1.24730694e-02 
 1.88400390e-08  1.00000000e-05  1.09302830e-02 
 1.89688047e-08  1.00000000e-05 -7.96617073e-03 
 1.91293957e-08  1.00000000e-05  7.18692814e-03 
 1.94336634e-08  1.00000000e-05 -6.79577888e-03 
 1.97640387e-08  1.00000000e-05  6.57806234e-03 
 2.04247891e-08  1.00000000e-05 -6.42064473e-03 
 2.14247891e-08  1.00000000e-05  6.37887002e-03 
 2.24247891e-08  1.00000000e-05 -6.27349301e-03 
 2.34247891e-08  1.00000000e-05  6.23189008e-03 
 2.44247891e-08  1.00000000e-05 -6.13424520e-03 
 2.54247891e-08  1.00000000e-05  6.09715953e-03 
 2.64247891e-08  1.00000000e-05 -6.00146084e-03 
 2.74247891e-08  1.00000000e-05  5.96055987e-03 
 2.84247891e-08  1.00000000e-05 -5.87428918e-03 
 2.94247891e-08  1.00000000e-05  5.83382374e-03 
 2.95497891e-08  1.00000000e-05  1.36550094e-04 
 2.97997891e-08  1.00000000e-05 -1.25567087e-04 
 3.01022793e-08  1.00000000e-05  1.34024532e-04 
 3.03880366e-08  1.00000000e-05 -1.00288020e-04 
 3.08138176e-08  1.00000000e-05  1.14530346e-04 
 3.14169791e-08  1.00000000e-05 -1.04049277e-04 
 3.20167023e-08  1.00000000e-05 -1.39227275e-02 
 3.26305835e-08  1.00000000e-05  1.74626371e+00 
 3.31402732e-08  1.00000000e-05  1.84367175e+00 
 3.36751125e-08  1.00000000e-05  1.75829399e+00 
 3.43459457e-08  1.00000000e-05  1.83609318e+00 
 3.49732174e-08  1.00000000e-05  1.76538116e+00 
 3.53653443e-08  1.00000000e-05  1.91171243e+00 
 3.56950993e-08  1.00000000e-05  2.31371955e-02 
 3.59427671e-08  1.00000000e-05 -1.61043200e-02 
 3.60928065e-08  1.00000000e-05  1.40469264e-02 
 3.62553970e-08  1.00000000e-05 -1.22447621e-02 
 3.64284746e-08  1.00000000e-05  1.14841534e-02 
 3.66360152e-08  1.00000000e-05 -1.07564028e-02 
 3.69578620e-08  1.00000000e-05  1.04736312e-02 
 3.73417361e-08  1.00000000e-05 -1.01199458e-02 
 3.79945281e-08  1.00000000e-05  1.00201203e-02 
 3.89945281e-08  1.00000000e-05 -9.85747723e-03 
 3.99945281e-08  1.00000000e-05  9.81264389e-03 
 4.09945281e-08  1.00000000e-05 -9.65682185e-03 
 4.19945281e-08  1.00000000e-05  9.61134627e-03 
 4.29945281e-08  1.00000000e-05 -9.46153824e-03 
 4.39945281e-08  1.00000000e-05  9.41562580e-03 
 4.49945281e-08  1.00000000e-05 -9.27118326e-03 
 4.59945281e-08  1.00000000e-05  9.22499182e-03 
 4.69945281e-08  1.00000000e-05 -9.08540526e-03 
 4.79945281e-08  1.00000000e-05  9.03905647e-03 
 4.89945281e-08  1.00000000e-05 -8.90392088e-03 
 4.99945281e-08  1.00000000e-05  8.85750987e-03 
 5.09945281e-08  1.00000000e-05 -8.72649891e-03 
 5.19945281e-08  1.00000000e-05  8.68010121e-03 
 5.29945281e-08  1.00000000e-05 -8.55294801e-03 
 5.39945281e-08  1.00000000e-05  8.50662468e-03 
 5.49945281e-08  1.00000000e-05 -8.38310803e-03 
 5.59945281e-08  1.00000000e-05  8.33691078e-03 
 5.69945281e-08  1.00000000e-05 -8.21689778e-03 
 5.79945281e-08  1.00000000e-05  8.16635481e-03 
 5.87810851e-08  1.00000000e-05 -8.00243455e-03 
 5.94529661e-08  1.00000000e-05  9.70016743e-03 
 6.02077597e-08  1.00000000e-05  1.71342849e+00 
 6.07856404e-08  1.00000000e-05  1.86909389e+00 
 6.14219866e-08  1.00000000e-05  1.73041129e+00 
 6.20295455e-08  1.00000000e-05  1.85784157e+00 
 6.25192043e-08  1.00000000e-05  1.74435908e+00 
 6.30401178e-08  1.00000000e-05  4.46028589e-02 
 6.33436554e-08  1.00000000e-05 -2.51014578e-02 
 6.36415954e-08  1.00000000e-05  2.48802101e-02 
 6.37769929e-08  1.00000000e-05 -1.98193058e-02 
 6.39722346e-08  1.00000000e-05  1.88459232e-02 
 6.41552875e-08  1.00000000e-05 -1.73198734e-02 
 6.45209091e-08  1.00000000e-05  1.70052605e-02 
 6.49639659e-08  1.00000000e-05 -1.64032998e-02 
 6.57657190e-08  1.00000000e-05  1.63562174e-02 
 6.67657190e-08  1.00000000e-05 -1.60190104e-02 
 6.77657190e-08  1.00000000e-05  1.60074041e-02 
 6.87657190e-08  1.00000000e-05 -1.56884307e-02 
 6.97657190e-08  1.00000000e-05  1.56709233e-02 
 7.07657190e-08  1.00000000e-05 -1.53675331e-02 
 7.17657190e-08  1.00000000e-05  1.53453109e-02 
 7.27657190e-08  1.00000000e-05 -1.50554021e-02 
 7.37657190e-08  1.00000000e-05  1.50293462e-02 
 7.47657190e-08  1.00000000e-05 -1.47512958e-02 
 7.57657190e-08  1.00000000e-05  1.47220809e-02 
 7.67657190e-08  1.00000000e-05 -1.44546234e-02 
 7.77657190e-08  1.00000000e-05  1.44227715e-02 
 7.87657190e-08  1.00000000e-05 -1.41649093e-02 
 7.97657190e-08  1.00000000e-05  1.41308309e-02 
 8.07657190e-08  1.00000000e-05 -1.38817479e-02 
 8.17657190e-08  1.00000000e-05  1.38458543e-02 
 8.27657190e-08  1.00000000e-05 -1.35740074e-02 
 8.35952361e-08  1.00000000e-05  1.34738313e-02 
 8.44584769e-08  1.00000000e-05  1.63167175e+00 
 8.50987553e-08  1.00000000e-05  1.89914585e+00 
 8.56874140e-08  1.00000000e-05  1.69381661e+00 
 8.65182293e-08  1.00000000e-05  1.88427596e+00 
 8.71754828e-08  1.00000000e-05  1.71189205e+00 
 8.76712100e-08  1.00000000e-05  1.89017896e+00 
 8.80995615e-08  1.00000000e-05  1.25662823e-02 
 8.83356446e-08  1.00000000e-05 -6.80778688e-03 
 8.84723755e-08  1.00000000e-05  4.46696366e-03 
 8.86222169e-08  1.00000000e-05 -3.40518898e-03 
 8.88071024e-08  1.00000000e-05  3.05475276e-03 
 8.90131301e-08  1.00000000e-05 -2.81081866e-03 
 8.94068149e-08  1.00000000e-05  2.72503246e-03 
 8.97937980e-08  1.00000000e-05 -2.63145449e-03 
 9.05677641e-08  1.00000000e-05  2.59718073e-03 
 9.15677641e-08  1.00000000e-05 -2.56173456e-03 
 9.25677641e-08  1.00000000e-05  2.53657859e-03 
 9.35677641e-08  1.00000000e-05 -2.50459386e-03 
 9.45677641e-08  1.00000000e-05  2.48338874e-03 
 9.55677641e-08  1.00000000e-05 -2.45021505e-03 
 9.65677641e-08  1.00000000e-05  2.42795078e-03 
 9.75677641e-08  1.00000000e-05 -2.39822102e-03 
 9.85677641e-08  1.00000000e-05  2.37664715e-03 
 9.95677641e-08  1.00000000e-05 -2.34821026e-03 
 1.00567764e-07  1.00000000e-05  2.32724333e-03 
 1.01567764e-07  1.00000000e-05 -2.29991036e-03 
 1.02567764e-07  1.00000000e-05  2.27948505e-03 
 1.03567764e-07  1.00000000e-05 -2.25311120e-03 
 1.04567764e-07  1.00000000e-05  2.23317610e-03 
 1.05567764e-07  1.00000000e-05 -2.20765032e-03 
 1.06567764e-07  1.00000000e-05  2.18816170e-03 
 1.07567764e-07  1.00000000e-05 -2.16343811e-03 
 1.08567764e-07  1.00000000e-05  2.15311933e-03 
 1.09384137e-07  1.00000000e-05 -2.09926349e-03 
 1.10237142e-07  1.00000000e-05  1.72809669e+00 
 1.10844897e-07  1.00000000e-05  1.84041653e+00 
 1.11441651e-07  1.00000000e-05  1.76075016e+00 
 1.12197411e-07  1.00000000e-05  1.83254636e+00 
 1.12831768e-07  1.00000000e-05  1.76881750e+00 
 1.13313275e-07  1.00000000e-05  1.82167388e+00 
 1.13735655e-07  1.00000000e-05  2.95827232e-02 
 1.14011552e-07  1.00000000e-05 -1.72356377e-02 
 1.14168837e-07  1.00000000e-05  1.45955852e-02 
 1.14344668e-07  1.00000000e-05 -1.22052612e-02 
 1.14534685e-07  1.00000000e-05  1.13964888e-02 
 1.14734923e-07  1.00000000e-05 -1.05328260e-02 
 1.15135399e-07  1.00000000e-05  1.03143710e-02 
 1.15518213e-07  1.00000000e-05 -9.93535730e-03 
 1.16283841e-07  1.00000000e-05  9.86138805e-03 
 1.17283841e-07  1.00000000e-05 -9.69000541e-03 
 1.18283841e-07  1.00000000e-05  9.64744174e-03 
 1.19283841e-07  1.00000000e-05 -9.48624437e-03 
 1.20283841e-07  1.00000000e-05  9.44238690e-03 
 1.21283841e-07  1.00000000e-05 -9.28965132e-03 
 1.22283841e-07  1.00000000e-05  9.24491370e-03 
 1.23283841e-07  1.00000000e-05 -9.09933537e-03 
 1.24283841e-07  1.00000000e-05  9.05401482e-03 
 1.25283841e-07  1.00000000e-05 -8.91459723e-03 
 1.26283841e-07  1.00000000e-05  8.86891405e-03 
 1.27283841e-07  1.00000000e-05 -8.73489063e-03 
 1.28283841e-07  1.00000000e-05  8.68900959e-03 
 1.29283841e-07  1.00000000e-05 -8.55978602e-03 
 1.30283841e-07  1.00000000e-05  8.51383256e-03 
 1.31283841e-07  1.00000000e-05 -8.38898533e-03 
 1.32283841e-07  1.00000000e-05  8.34302368e-03 
 1.33283841e-07  1.00000000e-05 -8.19132180e-03 
 1.34283841e-07  1.00000000e-05  8.15131615e-03 
 1.35283841e-07  1.00000000e-05  1.69225920e+00 
 1.35842722e-07  1.00000000e-05  1.87669055e+00 
 1.36484620e-07  1.00000000e-05  1.72013436e+00 
 1.37296431e-07  1.00000000e-05  1.86468041e+00 
 1.37962334e-07  1.00000000e-05  7.63751543e-01 
 1.38586211e-07  1.00000000e-05  1.58714963e-02 
 1.38791488e-07  1.00000000e-05 -1.10164659e-02 
 1.38922415e-07  1.00000000e-05  9.12388558e-03 
 1.39085899e-07  1.00000000e-05 -8.05028680e-03 
 1.39301079e-07  1.00000000e-05  7.62568804e-03 
 1.39531097e-07  1.00000000e-05 -7.19411670e-03 
 1.39938616e-07  1.00000000e-05  7.03666978e-03 
 1.40403408e-07  1.00000000e-05 -6.84258661e-03 
 1.41332991e-07  1.00000000e-05  6.79436685e-03 
 1.42332991e-07  1.00000000e-05 -6.69459974e-03 
 1.43332991e-07  1.00000000e-05  6.65208351e-03 
 1.44332991e-07  1.00000000e-05 -6.55690371e-03 
 1.45332991e-07  1.00000000e-05  6.51467534e-03 
 1.46332991e-07  1.00000000e-05 -6.42343515e-03 
 1.47332991e-07  1.00000000e-05  6.38154859e-03 
 1.48332991e-07  1.00000000e-05 -6.29374641e-03 
 1.49332991e-07  1.00000000e-05  6.25223909e-03 
 1.50332991e-07  1.00000000e-05 -6.16748678e-03 
 1.51332991e-07  1.00000000e-05  6.12638500e-03 
 1.52332991e-07  1.00000000e-05 -6.04437948e-03 
 1.53332991e-07  1.00000000e-05  6.00370182e-03 
 1.54332991e-07  1.00000000e-05 -5.92420396e-03 
 1.55332991e-07  1.00000000e-05  5.88396368e-03 
 1.56332991e-07  1.00000000e-05 -5.80678290e-03 
 1.57332991e-07  1.00000000e-05  5.76698935e-03 
 1.58332991e-07  1.00000000e-05 -5.69201295e-03 
 1.59332991e-07  1.00000000e-05  5.65387332e-03 
 1.60166554e-07  1.00000000e-05 -5.54283830e-03 
 1.61034612e-07  1.00000000e-05  1.75156105e+00 
 1.61638604e-07  1.00000000e-05  1.82713867e+00 
 1.62303791e-07  1.00000000e-05  1.77423183e+00 
 1.63215200e-07  1.00000000e-05  1.82174364e+00 
 1.63934068e-07  1.00000000e-05  1.77953285e+00 
 1.64342323e-07  1.00000000e-05  1.86242795e+00 
 1.64678643e-07  1.00000000e-05  2.72955461e-02 
 1.64913663e-07  1.00000000e-05 -2.03220265e-02 
 1.65039010e-07  1.00000000e-05  1.78625973e-02 
 1.65215282e-07  1.00000000e-05 -1.60832266e-02 
 1.65389862e-07  1.00000000e-05  1.52207665e-02 
 1.65619696e-07  1.00000000e-05 -1.43568323e-02 
 1.65931718e-07  1.00000000e-05  1.40017404e-02 
 1.66372190e-07  1.00000000e-05 -1.35620574e-02 
 1.67032220e-07  1.00000000e-05  1.34565509e-02 
 1.68032220e-07  1.00000000e-05 -1.32177592e-02 
 1.69032220e-07  1.00000000e-05  1.31811956e-02 
 1.70032220e-07  1.00000000e-05 -1.29516625e-02 
 1.71032220e-07  1.00000000e-05  1.29131850e-02 
 1.72032220e-07  1.00000000e-05 -1.26920475e-02 
 1.73032220e-07  1.00000000e-05  1.26519812e-02 
 1.74032220e-07  1.00000000e-05 -1.24384816e-02 
 1.75032220e-07  1.00000000e-05  1.23971023e-02 
 1.76032220e-07  1.00000000e-05 -1.21906335e-02 
 1.77032220e-07  1.00000000e-05  1.21481608e-02 
 1.78032220e-07  1.00000000e-05 -1.19482291e-02 
 1.79032220e-07  1.00000000e-05  1.19048407e-02 
 1.80032220e-07  1.00000000e-05 -1.17110382e-02 
 1.81032220e-07  1.00000000e-05  1.16668802e-02 
 1.82032220e-07  1.00000000e-05 -1.14788644e-02 
 1.83032220e-07  1.00000000e-05  1.14340593e-02 
 1.84032220e-07  1.00000000e-05 -1.12515376e-02 
 1.85032220e-07  1.00000000e-05  1.12061911e-02 
 1.86032220e-07  1.00000000e-05 -1.10289313e-02 
 1.87032220e-07  1.00000000e-05  1.09832103e-02 
 1.87157220e-07  1.00000000e-05  2.46092123e-04 
 1.87407220e-07  1.00000000e-05 -2.33087980e-04 
 1.87705500e-07  1.00000000e-05  2.36317734e-04 
 1.87987690e-07  1.00000000e-05 -1.99407752e-04 
 1.88374000e-07  1.00000000e-05  2.12996727e-04 
 1.88891745e-07  1.00000000e-05 -1.93526440e-04 
 1.89495808e-07  1.00000000e-05 -1.58171475e-03 
 1.90358753e-07  1.00000000e-05  1.73941374e+00 
 1.90874141e-07  1.00000000e-05  1.84594059e+00 
 1.91446288e-07  1.00000000e-05  1.75534589e+00 
 1.92189701e-07  1.00000000e-05  1.83748240e+00 
 1.92802445e-07  1.00000000e-05  1.76361505e+00 
 1.93308796e-07  1.00000000e-05  4.14090498e-02 
 1.93619392e-07  1.00000000e-05 -2.04669643e-02 
 1.93858583e-07  1.00000000e-05  1.92158848e-02 
 1.94003051e-07  1.00000000e-05 -1.50306148e-02 
 1.94190331e-07  1.00000000e-05  1.40790213e-02 
 1.94376521e-07  1.00000000e-05 -1.29118957e-02 
 1.94745473e-07  1.00000000e-05  1.26364350e-02 
 1.95136311e-07  1.00000000e-05 -1.21641273e-02 
 1.95917985e-07  1.00000000e-05  1.20945824e-02 
 1.96917985e-07  1.00000000e-05 -1.18687032e-02 
 1.97917985e-07  1.00000000e-05  1.18322898e-02 
 1.98917985e-07  1.00000000e-05 -1.16198102e-02 
 1.99917985e-07  1.00000000e-05  1.15805633e-02 
 2.00917985e-07  1.00000000e-05 -1.13792627e-02 
 2.01917985e-07  1.00000000e-05  1.13378974e-02 
 2.02917985e-07  1.00000000e-05 -1.11460873e-02 
 2.03917985e-07  1.00000000e-05  1.11031243e-02 
 2.04917985e-07  1.00000000e-05 -1.09195125e-02 
 2.05917985e-07  1.00000000e-05  1.08753425e-02 
 2.06917985e-07  1.00000000e-05 -1.06989330e-02 
 2.07917985e-07  1.00000000e-05  1.06538522e-02 
 2.08917985e-07  1.00000000e-05 -1.04838702e-02 
 2.09917985e-07  1.00000000e-05  1.04381052e-02 
 2.10917985e-07  1.00000000e-05 -1.02739415e-02 
 2.11917985e-07  1.00000000e-05  1.02276686e-02 
 2.12917985e-07  1.00000000e-05 -1.00688415e-02 
 2.13917985e-07  1.00000000e-05  1.00222269e-02 
 2.14917985e-07  1.00000000e-05 -9.86825489e-03 
 2.15917985e-07  1.00000000e-05  9.81170077e-03 
 2.16877471e-07  1.00000000e-05 -9.71638934e-03 
 2.17877471e-07  1.00000000e-05  1.78581442e+00 
 2.18546146e-07  1.00000000e-05  1.80916852e+00 
 2.19241735e-07  1.00000000e-05  1.79235881e+00 
 2.20145705e-07  1.00000000e-05  1.80567519e+00 
 2.20799980e-07  1.00000000e-05  2.04163410e-02 
 2.21241049e-07  1.00000000e-05 -1.45112805e-02 
 2.21435600e-07  1.00000000e-05  1.34036349e-02 
 2.21552463e-07  1.00000000e-05 -1.15061222e-02 
 2.21692945e-07  1.00000000e-05  1.07057580e-02 
 2.21929479e-07  1.00000000e-05 -1.01638303e-02 
 2.22170764e-07  1.00000000e-05  9.79615825e-03 
 2.22556926e-07  1.00000000e-05 -9.48828466e-03 
 2.23010302e-07  1.00000000e-05  9.32671315e-03 
 2.23917053e-07  1.00000000e-05 -9.17684963e-03 
 2.24917053e-07  1.00000000e-05  9.12983379e-03 
 2.25917053e-07  1.00000000e-05 -8.99407321e-03 
 2.26917053e-07  1.00000000e-05  8.94704330e-03 
 2.27917053e-07  1.00000000e-05 -8.81535978e-03 
 2.28917053e-07  1.00000000e-05  8.76835208e-03 
 2.29917053e-07  1.00000000e-05 -8.64050009e-03 
 2.30917053e-07  1.00000000e-05  8.59357290e-03 
 2.31917053e-07  1.00000000e-05 -8.46934401e-03 
 2.32917053e-07  1.00000000e-05  8.42254562e-03 
 2.33917053e-07  1.00000000e-05 -8.30176212e-03 
 2.34917053e-07  1.00000000e-05  8.25513327e-03 
 2.35917053e-07  1.00000000e-05 -8.13764117e-03 
 2.36917053e-07  1.00000000e-05  8.09121691e-03 
 2.37917053e-07  1.00000000e-05 -7.97688728e-03 
 2.38917053e-07  1.00000000e-05  7.93070782e-03 
 2.39917053e-07  1.00000000e-05 -7.79344674e-03 
 2.40705247e-07  1.00000000e-05  7.72767585e-03 
 2.41375175e-07  1.00000000e-05 -2.70495379e-02 
 2.42106085e-07  1.00000000e-05  1.78759436e+00 
 2.42662737e-07  1.00000000e-05  1.80994641e+00 
 2.43264704e-07  1.00000000e-05  1.79113953e+00 
 2.43864130e-07  1.00000000e-05  1.80744527e+00 
 2.44371312e-07  1.00000000e-05  1.79363828e+00 
 2.44820371e-07  1.00000000e-05  8.00783598e-02 
 2.45140392e-07  1.00000000e-05 -1.13705573e-02 
 2.45445949e-07  1.00000000e-05  1.09430513e-02 
 2.45560722e-07  1.00000000e-05 -9.50205826e-03 
 2.45723500e-07  1.00000000e-05  8.93457237e-03 
 2.45895532e-07  1.00000000e-05 -8.35171397e-03 
 2.46239595e-07  1.00000000e-05  8.14500062e-03 
 2.46595359e-07  1.00000000e-05 -7.87784526e-03 
 2.47231583e-07  1.00000000e-05  7.78692884e-03 
 2.48143980e-07  1.00000000e-05 -7.66786719e-03 
 2.49143980e-07  1.00000000e-05  7.62265200e-03 
 2.50143980e-07  1.00000000e-05 -7.51454021e-03 
 2.51143980e-07  1.00000000e-05  7.46957050e-03 
 2.52143980e-07  1.00000000e-05 -7.36458449e-03 
 2.53143980e-07  1.00000000e-05  7.31989177e-03 
 2.54143980e-07  1.00000000e-05 -7.21785117e-03 
 2.55143980e-07  1.00000000e-05  7.17346450e-03 
 2.56143980e-07  1.00000000e-05 -7.07421628e-03 
 2.57143980e-07  1.00000000e-05  7.03015964e-03 
 2.58143980e-07  1.00000000e-05 -6.93357281e-03 
 2.59143980e-07  1.00000000e-05  6.88986626e-03 
 2.60143980e-07  1.00000000e-05 -6.79582688e-03 
 2.61143980e-07  1.00000000e-05  6.75248750e-03 
 2.62143980e-07  1.00000000e-05 -6.66089507e-03 
 2.63143980e-07  1.00000000e-05  6.61793763e-03 
 2.64143980e-07  1.00000000e-05 -6.52872529e-03 
 2.65143980e-07  1.00000000e-05  6.48616815e-03 
 2.65268980e-07  1.00000000e-05  1.46109359e-04 
 2.65518980e-07  1.00000000e-05 -1.38698827e-04 
 2.65805989e-07  1.00000000e-05  1.40379633e-04 
 2.66098607e-07  1.00000000e-05 -1.09801118e-04 
 2.66437614e-07  1.00000000e-05  1.29570779e-04 
 2.66907196e-07  1.00000000e-05 -1.13778055e-04 
 2.67480937e-07  1.00000000e-05 -2.29025597e-05 
 2.68086818e-07  1.00000000e-05  1.67052644e+00 
 2.68512771e-07  1.00000000e-05  1.85742785e+00 
 2.68912302e-07  1.00000000e-05  1.74570414e+00 
 2.69361391e-07  1.00000000e-05  1.84129383e+00 
 2.69836724e-07  1.00000000e-05  1.76125063e+00 
 2.70506187e-07  1.00000000e-05  1.83225907e+00 
 2.71012168e-07  1.00000000e-05  1.77044899e+00 
 2.71533307e-07  1.00000000e-05  3.54952780e-02 
 2.71800015e-07  1.00000000e-05 -1.89317675e-02 
 2.71996941e-07  1.00000000e-05  1.70493825e-02 
 2.72161398e-07  1.00000000e-05 -1.39051146e-02 
 2.72353020e-07  1.00000000e-05  1.30148681e-02 
 2.72539275e-07  1.00000000e-05 -1.19464254e-02 
 2.72911784e-07  1.00000000e-05  1.16856407e-02 
 2.73278754e-07  1.00000000e-05 -1.12331059e-02 
 2.74012694e-07  1.00000000e-05  1.11517386e-02 
 2.75012694e-07  1.00000000e-05 -1.09498535e-02 
 2.76012694e-07  1.00000000e-05  1.09099695e-02 
 2.77012694e-07  1.00000000e-05 -1.07199052e-02 
 2.78012694e-07  1.00000000e-05  1.06779237e-02 
 2.79012694e-07  1.00000000e-05 -1.04977213e-02 
 2.80012694e-07  1.00000000e-05  1.04542133e-02 
 2.81012694e-07  1.00000000e-05 -1.02823878e-02 
 2.82012694e-07  1.00000000e-05  1.02377651e-02 
 2.83012694e-07  1.00000000e-05 -1.00731801e-02 
 2.84012694e-07  1.00000000e-05  1.00277508e-02 
 2.85012694e-07  1.00000000e-05 -9.86953030e-03 
 2.86012694e-07  1.00000000e-05  9.82352715e-03 
 2.87012694e-07  1.00000000e-05 -9.67098958e-03 
 2.88012694e-07  1.00000000e-05  9.62459040e-03 
 2.89012694e-07  1.00000000e-05 -9.47720056e-03 
 2.90012694e-07  1.00000000e-05  9.43054538e-03 
 2.91012694e-07  1.00000000e-05 -9.28793562e-03 
 2.92012694e-07  1.00000000e-05  9.23405395e-03 
 2.92863800e-07  1.00000000e-05 -9.05912395e-03 
 2.93558437e-07  1.00000000e-05  1.35570422e-01 
 2.94116668e-07  1.00000000e-05  1.71814816e+00 
 2.94664706e-07  1.00000000e-05  1.86732476e+00 
 2.95221712e-07  1.00000000e-05  1.73375686e+00 
 2.95873195e-07  1.00000000e-05  1.85668317e+00 
 2.96494441e-07  1.00000000e-05  1.74477367e+00 
 2.96967088e-07  1.00000000e-05  5.18375580e-02 
 2.97308815e-07  1.00000000e-05 -2.67379679e-02 
 2.97633575e-07  1.00000000e-05  2.68344287e-02 
 2.97763304e-07  1.00000000e-05 -2.15778321e-02 
 2.97946367e-07  1.00000000e-05  2.04591744e-02 
 2.98133842e-07  1.00000000e-05 -1.89068428e-02 
 2.98484759e-07  1.00000000e-05  1.85588177e-02 
 2.98962689e-07  1.00000000e-05 -1.79333971e-02 
 2.99724673e-07  1.00000000e-05  1.78817751e-02 
 3.00724673e-07  1.00000000e-05 -1.75059557e-02 
 3.01724673e-07  1.00000000e-05  1.75046774e-02 
 3.02724673e-07  1.00000000e-05 -1.71476147e-02 
 3.03724673e-07  1.00000000e-05  1.71397737e-02 
 3.04724673e-07  1.00000000e-05 -1.67990233e-02 
 3.05724673e-07  1.00000000e-05  1.67858120e-02 
 3.06724673e-07  1.00000000e-05 -1.64593795e-02 
 3.07724673e-07  1.00000000e-05  1.64416988e-02 
 3.08724673e-07  1.00000000e-05 -1.61280307e-02 
 3.09724673e-07  1.00000000e-05  1.61065779e-02 
 3.10724673e-07  1.00000000e-05 -1.58044507e-02 
 3.11724673e-07  1.00000000e-05  1.57797725e-02 
 3.12724673e-07  1.00000000e-05 -1.54882100e-02 
 3.13724673e-07  1.00000000e-05  1.54607416e-02 
 3.14724673e-07  1.00000000e-05 -1.51789539e-02 
 3.15724673e-07  1.00000000e-05  1.51491175e-02 
 3.16724673e-07  1.00000000e-05 -1.48764575e-02 
 3.17724673e-07  1.00000000e-05  1.48227281e-02 
 3.18646797e-07  1.00000000e-05 -1.45608084e-02 
 3.19507092e-07  1.00000000e-05  1.80092828e+00 
 3.20111834e-07  1.00000000e-05  1.79542073e+00 
 3.20721152e-07  1.00000000e-05  1.80715465e+00 
 3.21502607e-07  1.00000000e-05  1.79247713e+00 
 3.22217232e-07  1.00000000e-05  1.80858641e+00 
 3.22732073e-07  1.00000000e-05  1.79929236e+00 
 3.23148388e-07  1.00000000e-05  3.00942949e-02 
 3.23425741e-07  1.00000000e-05 -2.30764077e-02 
 3.23531853e-07  1.00000000e-05  1.97398785e-02 
 3.23691515e-07  1.00000000e-05 -1.77548830e-02 
 3.23935613e-07  1.00000000e-05  1.71620110e-02 
 3.24156740e-07  1.00000000e-05 -1.61447258e-02 
 3.24598994e-07  1.00000000e-05  1.59186179e-02 
 3.25119875e-07  1.00000000e-05 -1.54566013e-02 
 3.26119875e-07  1.00000000e-05  1.54343937e-02 
 3.27119875e-07  1.00000000e-05 -1.51420497e-02 
 3.28119875e-07  1.00000000e-05  1.51159628e-02 
 3.29119875e-07  1.00000000e-05 -1.48356819e-02 
 3.30119875e-07  1.00000000e-05  1.48062508e-02 
 3.31119875e-07  1.00000000e-05 -1.45369381e-02 
 3.32119875e-07  1.00000000e-05  1.45047328e-02 
 3.33119875e-07  1.00000000e-05 -1.42453039e-02 
 3.34119875e-07  1.00000000e-05  1.42107687e-02 
 3.35119875e-07  1.00000000e-05 -1.39603621e-02 
 3.36119875e-07  1.00000000e-05  1.39238480e-02 
 3.37119875e-07  1.00000000e-05 -1.36817695e-02 
 3.38119875e-07  1.00000000e-05  1.36435583e-02 
 3.39119875e-07  1.00000000e-05 -1.34092405e-02 
 3.40119875e-07  1.00000000e-05  1.33695622e-02 
 3.41119875e-07  1.00000000e-05 -1.31425347e-02 
 3.42119875e-07  1.00000000e-05  1.31016383e-02 
 3.43119875e-07  1.00000000e-05 -1.28815165e-02 
 3.43244875e-07  1.00000000e-05 -2.13515998e-04 
 3.43494875e-07  1.00000000e-05  2.06901114e-04 
 3.43778579e-07  1.00000000e-05 -1.94011759e-04 
 3.44085254e-07  1.00000000e-05  2.12602028e-04 
 3.44423481e-07  1.00000000e-05 -1.83067521e-04 
 3.44902061e-07  1.00000000e-05  1.92666850e-04 
 3.45478050e-07  1.00000000e-05 -3.41112393e-04 
 3.46082720e-07  1.00000000e-05  1.67425795e+00 
 3.46503341e-07  1.00000000e-05  1.85684142e+00 
 3.46900015e-07  1.00000000e-05  1.74640023e+00 
 3.47347420e-07  1.00000000e-05  1.84068451e+00 
 3.47820322e-07  1.00000000e-05  1.76190030e+00 
 3.48485488e-07  1.00000000e-05  1.83169158e+00 
 3.48991916e-07  1.00000000e-05  1.77093887e+00 
 3.49515132e-07  1.00000000e-05  3.61683770e-02 
 3.49786001e-07  1.00000000e-05 -1.87596218e-02 
 3.49995160e-07  1.00000000e-05  1.70470576e-02 
 3.50155025e-07  1.00000000e-05 -1.37359134e-02 
 3.50346894e-07  1.00000000e-05  1.28431105e-02 
 3.50530451e-07  1.00000000e-05 -1.17695342e-02 
 3.50897564e-07  1.00000000e-05  1.15050863e-02 
 3.51265001e-07  1.00000000e-05 -1.10600878e-02 
 3.51999876e-07  1.00000000e-05  1.09789799e-02 
 3.52999876e-07  1.00000000e-05 -1.07809296e-02 
 3.53999876e-07  1.00000000e-05  1.07406072e-02 
 3.54999876e-07  1.00000000e-05 -1.05542394e-02 
 3.55999876e-07  1.00000000e-05  1.05119121e-02 
 3.56999876e-07  1.00000000e-05 -1.03352772e-02 
 3.57999876e-07  1.00000000e-05  1.02915006e-02 
 3.58999876e-07  1.00000000e-05 -1.01231222e-02 
 3.59999876e-07  1.00000000e-05  1.00782964e-02 
 3.60999876e-07  1.00000000e-05 -9.91704540e-03 
 3.61999876e-07  1.00000000e-05  9.87146936e-03 
 3.62999876e-07  1.00000000e-05 -9.71647579e-03 
 3.63999876e-07  1.00000000e-05  9.67037502e-03 
 3.64999876e-07  1.00000000e-05 -9.52096260e-03 
 3.65999876e-07  1.00000000e-05  9.47450902e-03 
 3.66999876e-07  1.00000000e-05 -9.33014697e-03 
 3.67999876e-07  1.00000000e-05  9.28347463e-03 
 3.68999876e-07  1.00000000e-05 -9.14378244e-03 
 3.69999876e-07  1.00000000e-05  9.09693355e-03 
 3.70999876e-07  1.00000000e-05 -8.92957814e-03 
 3.71999876e-07  1.00000000e-05  8.89157569e-03 
 3.72999876e-07  1.00000000e-05  1.68824198e+00 
 3.73842171e-07  1.00000000e-05  1.88306473e+00 
 3.74646794e-07  1.00000000e-05  1.71078939e+00 
 3.75384381e-07  1.00000000e-05  1.86825942e+00 
 3.75851469e-07  1.00000000e-05  1.31789284e-02 
 3.76196335e-07  1.00000000e-05 -6.10424926e-03 
 3.76531566e-07  1.00000000e-05  5.13289657e-03 
 3.76629155e-07  1.00000000e-05 -2.69709536e-03 
 3.76804459e-07  1.00000000e-05  2.39906700e-03 
 3.76986800e-07  1.00000000e-05 -2.19439910e-03 
 3.77351482e-07  1.00000000e-05  2.12331127e-03 
 3.77790923e-07  1.00000000e-05 -2.06189748e-03 
 3.78638234e-07  1.00000000e-05  2.03724240e-03 
 3.79638234e-07  1.00000000e-05 -2.01104023e-03 
 3.80638234e-07  1.00000000e-05  1.99297998e-03 
 3.81638234e-07  1.00000000e-05 -1.96692731e-03 
 3.82638234e-07  1.00000000e-05  1.95120746e-03 
 3.83638234e-07  1.00000000e-05 -1.92482421e-03 
 3.84638234e-07  1.00000000e-05  1.90682062e-03 
 3.85638234e-07  1.00000000e-05 -1.88448169e-03 
 3.86638234e-07  1.00000000e-05  1.86704162e-03 
 3.87638234e-07  1.00000000e-05 -1.84559534e-03 
 3.88638234e-07  1.00000000e-05  1.82865123e-03 
 3.89638234e-07  1.00000000e-05 -1.80797540e-03 
 3.90638234e-07  1.00000000e-05  1.79147452e-03 
 3.91638234e-07  1.00000000e-05 -1.77147515e-03 
 3.92638234e-07  1.00000000e-05  1.75537609e-03 
 3.93638234e-07  1.00000000e-05 -1.73598085e-03 
 3.94638234e-07  1.00000000e-05  1.72024854e-03 
 3.95638234e-07  1.00000000e-05 -1.70143455e-03 
 3.96638234e-07  1.00000000e-05  1.69547828e-03 
 3.97409052e-07  1.00000000e-05 -1.64616662e-03 
 3.98226882e-07  1.00000000e-05  1.66704247e+00 
 3.98988150e-07  1.00000000e-05  1.83166925e+00 
 3.99700534e-07  1.00000000e-05  1.76932114e+00 
 4.00489108e-07  1.00000000e-05  1.82639552e+00 
 4.01206655e-07  1.00000000e-05  1.77472171e+00 
 4.01727758e-07  1.00000000e-05  1.83636192e+00 
 4.02143431e-07  1.00000000e-05  1.35677523e-02 
 4.02411816e-07  1.00000000e-05 -1.17051067e-02 
 4.02522022e-07  1.00000000e-05  1.01424235e-02 
 4.02680009e-07  1.00000000e-05 -9.28102338e-03 
 4.02915363e-07  1.00000000e-05  8.91371457e-03 
 4.03175446e-07  1.00000000e-05 -8.50773035e-03 
 4.03620430e-07  1.00000000e-05  8.35339752e-03 
 4.04182419e-07  1.00000000e-05 -8.16203414e-03 
 4.05182419e-07  1.00000000e-05  8.11656509e-03 
 4.06182419e-07  1.00000000e-05 -7.99729026e-03 
 4.07182419e-07  1.00000000e-05  7.95187224e-03 
 4.08182419e-07  1.00000000e-05 -7.83667302e-03 
 4.09182419e-07  1.00000000e-05  7.79137625e-03 
 4.10182419e-07  1.00000000e-05 -7.67989794e-03 
 4.11182419e-07  1.00000000e-05  7.63478559e-03 
 4.12182419e-07  1.00000000e-05 -7.52672996e-03 
 4.13182419e-07  1.00000000e-05  7.48185104e-03 
 4.14182419e-07  1.00000000e-05 -7.37697713e-03 
 4.15182419e-07  1.00000000e-05  7.33237026e-03 
 4.16182419e-07  1.00000000e-05 -7.23048042e-03 
 4.17182419e-07  1.00000000e-05  7.18617657e-03 
 4.18182419e-07  1.00000000e-05 -7.08710606e-03 
 4.19182419e-07  1.00000000e-05  7.04313048e-03 
 4.20182419e-07  1.00000000e-05 -6.94673992e-03 
 4.21182419e-07  1.00000000e-05  6.90311374e-03 
 4.22182419e-07  1.00000000e-05 -6.80930791e-03 
 4.23182419e-07  1.00000000e-05  6.76605744e-03 
 4.23307419e-07  1.00000000e-05  1.51950104e-04 
 4.23557419e-07  1.00000000e-05 -1.43952134e-04 
 4.23847933e-07  1.00000000e-05  1.46626756e-04 
 4.24120896e-07  1.00000000e-05 -1.14256877e-04 
 4.24461820e-07  1.00000000e-05  1.33483634e-04 
 4.24919686e-07  1.00000000e-05 -1.17723691e-04 
 4.25493277e-07  1.00000000e-05 -1.62151049e-05 
 4.26098250e-07  1.00000000e-05  1.66924094e+00 
 4.26523562e-07  1.00000000e-05  1.85712970e+00 
 4.26922987e-07  1.00000000e-05  1.74603943e+00 
 4.27370319e-07  1.00000000e-05  1.84105253e+00 
 4.27844614e-07  1.00000000e-05  1.76150813e+00 
 4.28515042e-07  1.00000000e-05  1.83207995e+00 
 4.29023112e-07  1.00000000e-05  1.77056330e+00 
 4.29546032e-07  1.00000000e-05  3.56410653e-02 
 4.29813953e-07  1.00000000e-05 -1.89111636e-02 
 4.30013529e-07  1.00000000e-05  1.70660733e-02 
 4.30176702e-07  1.00000000e-05 -1.38774470e-02 
 4.30368349e-07  1.00000000e-05  1.29861618e-02 
 4.30554119e-07  1.00000000e-05 -1.19164336e-02 
 4.30925660e-07  1.00000000e-05  1.16549469e-02 
 4.31292945e-07  1.00000000e-05 -1.12038295e-02 
 4.32027517e-07  1.00000000e-05  1.11226185e-02 
 4.33027517e-07  1.00000000e-05 -1.09213389e-02 
 4.34027517e-07  1.00000000e-05  1.08813879e-02 
 4.35027517e-07  1.00000000e-05 -1.06919171e-02 
 4.36027517e-07  1.00000000e-05  1.06498814e-02 
 4.37027517e-07  1.00000000e-05 -1.04702589e-02 
 4.38027517e-07  1.00000000e-05  1.04267077e-02 
 4.39027517e-07  1.00000000e-05 -1.02554480e-02 
 4.40027517e-07  1.00000000e-05  1.02107918e-02 
 4.41027517e-07  1.00000000e-05 -1.00467580e-02 
 4.42027517e-07  1.00000000e-05  1.00013038e-02 
 4.43027517e-07  1.00000000e-05 -9.84361981e-03 
 4.44027517e-07  1.00000000e-05  9.79759933e-03 
 4.45027517e-07  1.00000000e-05 -9.64558360e-03 
 4.46027517e-07  1.00000000e-05  9.59917392e-03 
 4.47027517e-07  1.00000000e-05 -9.45229130e-03 
 4.48027517e-07  1.00000000e-05  9.40563135e-03 
 4.49027517e-07  1.00000000e-05 -9.26351042e-03 
 4.50027517e-07  1.00000000e-05  9.20977585e-03 
 4.50873078e-07  1.00000000e-05 -9.03309249e-03 
 4.51569535e-07  1.00000000e-05  6.33613232e-02 
 4.52146056e-07  1.00000000e-05  1.71334702e+00 
 4.52699022e-07  1.00000000e-05  1.87067316e+00 
 4.53264998e-07  1.00000000e-05  1.72999665e+00 
 4.53916949e-07  1.00000000e-05  1.85952664e+00 
 4.54469279e-07  1.00000000e-05  1.74232496e+00 
 4.54946019e-07  1.00000000e-05  5.42370556e-02 
 4.55286885e-07  1.00000000e-05 -2.64668123e-02 
 4.55610857e-07  1.00000000e-05  2.64889183e-02 
 4.55742969e-07  1.00000000e-05 -2.15969880e-02 
 4.55921506e-07  1.00000000e-05  2.04616483e-02 
 4.56106596e-07  1.00000000e-05 -1.89124779e-02 
 4.56468916e-07  1.00000000e-05  1.85824715e-02 
 4.56921441e-07  1.00000000e-05 -1.79386724e-02 
 4.57705298e-07  1.00000000e-05  1.78924921e-02 
 4.58705298e-07  1.00000000e-05 -1.75191444e-02 
 4.59705298e-07  1.00000000e-05  1.75168451e-02 
 4.60705298e-07  1.00000000e-05 -1.71614011e-02 
 4.61705298e-07  1.00000000e-05  1.71528639e-02 
 4.62705298e-07  1.00000000e-05 -1.68131781e-02 
 4.63705298e-07  1.00000000e-05  1.67994966e-02 
 4.64705298e-07  1.00000000e-05 -1.64737213e-02 
 4.65705298e-07  1.00000000e-05  1.64557329e-02 
 4.66705298e-07  1.00000000e-05 -1.61424237e-02 
 4.67705298e-07  1.00000000e-05  1.61207798e-02 
 4.68705298e-07  1.00000000e-05 -1.58187937e-02 
 4.69705298e-07  1.00000000e-05  1.57940073e-02 
 4.70705298e-07  1.00000000e-05 -1.55024279e-02 
 4.71705298e-07  1.00000000e-05  1.54749102e-02 
 4.72705298e-07  1.00000000e-05 -1.51929937e-02 
 4.73705298e-07  1.00000000e-05  1.51631727e-02 
 4.74705298e-07  1.00000000e-05 -1.48902459e-02 
 4.74830298e-07  1.00000000e-05 -2.47267498e-04 
 4.75080298e-07  1.00000000e-05  2.41109054e-04 
 4.75381453e-07  1.00000000e-05 -2.19912706e-04 
 4.75665896e-07  1.00000000e-05  2.40480722e-04 
 4.76081818e-07  1.00000000e-05 -2.17450032e-04 
 4.76664405e-07  1.00000000e-05  2.26125909e-04 
 4.77262701e-07  1.00000000e-05 -8.79319280e-03 
 4.77923598e-07  1.00000000e-05  1.74469773e+00 
 4.78425794e-07  1.00000000e-05  1.84376955e+00 
 4.78975262e-07  1.00000000e-05  1.75799486e+00 
 4.79639838e-07  1.00000000e-05  1.83590014e+00 
 4.80266317e-07  1.00000000e-05  1.76553302e+00 
 4.80654501e-07  1.00000000e-05  1.89337306e+00 
 4.80978047e-07  1.00000000e-05  2.56371016e-02 
 4.81221276e-07  1.00000000e-05 -1.72909171e-02 
 4.81375429e-07  1.00000000e-05  1.51930821e-02 
 4.81536129e-07  1.00000000e-05 -1.31638657e-02 
 4.81709920e-07  1.00000000e-05  1.23563942e-02 
 4.81910992e-07  1.00000000e-05 -1.15415253e-02 
 4.82232273e-07  1.00000000e-05  1.12430438e-02 
 4.82602234e-07  1.00000000e-05 -1.08467336e-02 
 4.83245069e-07  1.00000000e-05  1.07416478e-02 
 4.84245069e-07  1.00000000e-05 -1.05629491e-02 
 4.85245069e-07  1.00000000e-05  1.05191340e-02 
 4.86245069e-07  1.00000000e-05 -1.03480042e-02 
 4.87245069e-07  1.00000000e-05  1.03032415e-02 
 4.88245069e-07  1.00000000e-05 -1.01387914e-02 
 4.89245069e-07  1.00000000e-05  1.00933341e-02 
 4.90245069e-07  1.00000000e-05 -9.93484170e-03 
 4.91245069e-07  1.00000000e-05  9.88888587e-03 
 4.92245069e-07  1.00000000e-05 -9.73578366e-03 
 4.93245069e-07  1.00000000e-05  9.68948072e-03 
 4.94245069e-07  1.00000000e-05 -9.54131759e-03 
 4.95245069e-07  1.00000000e-05  9.49478631e-03 
 4.96245069e-07  1.00000000e-05 -9.35119861e-03 
 4.97245069e-07  1.00000000e-05  9.30453360e-03 
 4.98245069e-07  1.00000000e-05 -9.16522384e-03 
 4.99245069e-07  1.00000000e-05  9.11850180e-03 
 5.00245069e-07  1.00000000e-05 -8.98322303e-03 
 5.01245069e-07  1.00000000e-05  8.93650856e-03 
 5.02245069e-07  1.00000000e-05 -8.80509910e-03 
 5.02370069e-07  1.00000000e-05 -1.45940277e-04 
 5.02620069e-07  1.00000000e-05  1.41604882e-04 
 5.03120069e-07  1.00000000e-05 -1.38020607e-04 
 5.03588868e-07  1.00000000e-05  1.44366398e-04 
 5.04033797e-07  1.00000000e-05 -1.17610666e-04 
 5.04609340e-07  1.00000000e-05  1.33424029e-04 
 5.05308746e-07  1.00000000e-05 -7.15095965e-04 
 5.06113861e-07  1.00000000e-05  1.72622119e+00 
 5.06643880e-07  1.00000000e-05  1.85244397e+00 
 5.07141568e-07  1.00000000e-05  1.74912927e+00 
 5.07857132e-07  1.00000000e-05  1.84160805e+00 
 5.08481239e-07  1.00000000e-05  1.75929752e+00 
 5.08874085e-07  1.00000000e-05  1.87124063e+00 
 5.09207347e-07  1.00000000e-05  2.63667197e-02 
 5.09438736e-07  1.00000000e-05 -1.80034420e-02 
 5.09580815e-07  1.00000000e-05  1.57375774e-02 
 5.09760355e-07  1.00000000e-05 -1.39173050e-02 
 5.09932022e-07  1.00000000e-05  1.30722073e-02 
 5.10150948e-07  1.00000000e-05 -1.22695131e-02 
 5.10464696e-07  1.00000000e-05  1.19481515e-02 
 5.10877885e-07  1.00000000e-05 -1.15571942e-02 
 5.11537695e-07  1.00000000e-05  1.14547338e-02 
 5.12537695e-07  1.00000000e-05 -1.12593591e-02 
 5.13537695e-07  1.00000000e-05  1.12170581e-02 
 5.14537695e-07  1.00000000e-05 -1.10301165e-02 
 5.15537695e-07  1.00000000e-05  1.09865131e-02 
 5.16537695e-07  1.00000000e-05 -1.08069942e-02 
 5.17537695e-07  1.00000000e-05  1.07624008e-02 
 5.18537695e-07  1.00000000e-05 -1.05894920e-02 
 5.19537695e-07  1.00000000e-05  1.05441492e-02 
 5.20537695e-07  1.00000000e-05 -1.03772126e-02 
 5.21537695e-07  1.00000000e-05  1.03313068e-02 
 5.22537695e-07  1.00000000e-05 -1.01698355e-02 
 5.23537695e-07  1.00000000e-05  1.01235129e-02 
 5.24537695e-07  1.00000000e-05 -9.96709887e-03 
 5.25537695e-07  1.00000000e-05  9.92047611e-03 
 5.26537695e-07  1.00000000e-05 -9.76878578e-03 
 5.27537695e-07  1.00000000e-05  9.72195757e-03 
 5.28537695e-07  1.00000000e-05 -9.57471537e-03 
 5.29537695e-07  1.00000000e-05  9.52777892e-03 
 5.30537695e-07  1.00000000e-05 -9.38481193e-03 
 5.31537695e-07  1.00000000e-05  9.32989896e-03 
 5.32510764e-07  1.00000000e-05 -9.22421961e-03 
 5.33421929e-07  1.00000000e-05  1.77722592e+00 
 5.34037868e-07  1.00000000e-05  1.81457691e+00 
 5.34677122e-07  1.00000000e-05  1.78724985e+00 
 5.35511620e-07  1.00000000e-05  1.81017679e+00 
 5.36222514e-07  1.00000000e-05  1.79556564e+00 
 5.36640761e-07  1.00000000e-05  4.54988255e-02 
 5.36938220e-07  1.00000000e-05 -1.40503965e-02 
 5.37220429e-07  1.00000000e-05  1.30592751e-02 
 5.37346957e-07  1.00000000e-05 -9.97470443e-03 
 5.37510224e-07  1.00000000e-05  9.15949184e-03 
 5.37685350e-07  1.00000000e-05 -8.43875394e-03 
 5.38035601e-07  1.00000000e-05  8.22028773e-03 
 5.38398714e-07  1.00000000e-05 -7.92960132e-03 
 5.39124186e-07  1.00000000e-05  7.85331443e-03 
 5.40084942e-07  1.00000000e-05 -7.72836641e-03 
 5.41084942e-07  1.00000000e-05  7.68390604e-03 
 5.42084942e-07  1.00000000e-05 -7.56826424e-03 
 5.43084942e-07  1.00000000e-05  7.52376703e-03 
 5.44084942e-07  1.00000000e-05 -7.41312108e-03 
 5.45084942e-07  1.00000000e-05  7.36871216e-03 
 5.46084942e-07  1.00000000e-05 -7.26240781e-03 
 5.47084942e-07  1.00000000e-05  7.21817667e-03 
 5.48084942e-07  1.00000000e-05 -7.11570826e-03 
 5.49084942e-07  1.00000000e-05  7.07172067e-03 
 5.50084942e-07  1.00000000e-05 -6.97269408e-03 
 5.51084942e-07  1.00000000e-05  6.92899892e-03 
 5.52084942e-07  1.00000000e-05 -6.83310372e-03 
 5.53084942e-07  1.00000000e-05  6.78973780e-03 
 5.54084942e-07  1.00000000e-05 -6.69672658e-03 
 5.55084942e-07  1.00000000e-05  6.65371800e-03 
 5.56084942e-07  1.00000000e-05 -6.56339094e-03 
 5.57084942e-07  1.00000000e-05  6.52076160e-03 
 5.58084942e-07  1.00000000e-05 -6.43296229e-03 
 5.59084942e-07  1.00000000e-05  6.39073096e-03 
 5.60084942e-07  1.00000000e-05 -6.27966784e-03 
 5.60895950e-07  1.00000000e-05  6.23026424e-03 
 5.61744791e-07  1.00000000e-05  1.67130427e+00 
 5.62386141e-07  1.00000000e-05  1.87175192e+00 
 5.62976768e-07  1.00000000e-05  1.72629295e+00 
 5.63681186e-07  1.00000000e-05  1.85948953e+00 
 5.64287388e-07  1.00000000e-05  1.74058258e+00 
 5.64752222e-07  1.00000000e-05  1.84312581e+00 
 5.65143774e-07  1.00000000e-05  2.79840159e-02 
 5.65419307e-07  1.00000000e-05 -1.31158770e-02 
 5.65637454e-07  1.00000000e-05  1.13834140e-02 
 5.65788341e-07  1.00000000e-05 -8.77158798e-03 
 5.65973709e-07  1.00000000e-05  8.03972829e-03 
 5.66146056e-07  1.00000000e-05 -7.31540928e-03 
 5.66490751e-07  1.00000000e-05  7.10575942e-03 
 5.66826310e-07  1.00000000e-05 -6.82675715e-03 
 5.67497426e-07  1.00000000e-05  6.74730702e-03 
 5.68403897e-07  1.00000000e-05 -6.63565503e-03 
 5.69403897e-07  1.00000000e-05  6.59329709e-03 
 5.70403897e-07  1.00000000e-05 -6.49535156e-03 
 5.71403897e-07  1.00000000e-05  6.45323214e-03 
 5.72403897e-07  1.00000000e-05 -6.36023284e-03 
 5.73403897e-07  1.00000000e-05  6.31843270e-03 
 5.74403897e-07  1.00000000e-05 -6.22961478e-03 
 5.75403897e-07  1.00000000e-05  6.18818605e-03 
 5.76403897e-07  1.00000000e-05 -6.10296517e-03 
 5.77403897e-07  1.00000000e-05  6.06194289e-03 
 5.78403897e-07  1.00000000e-05 -5.97986989e-03 
 5.79403897e-07  1.00000000e-05  5.93927761e-03 
 5.80403897e-07  1.00000000e-05 -5.86000480e-03 
 5.81403897e-07  1.00000000e-05  5.81985822e-03 
 5.82403897e-07  1.00000000e-05 -5.74314008e-03 
 5.83403897e-07  1.00000000e-05  5.70344688e-03 
 5.83528897e-07  1.00000000e-05  1.28608593e-04 
 5.83778897e-07  1.00000000e-05 -1.20767898e-04 
 5.84073849e-07  1.00000000e-05  1.26034822e-04 
 5.84352307e-07  1.00000000e-05 -9.33553956e-05 
 5.84715947e-07  1.00000000e-05  1.11132426e-04 
 5.85197126e-07  1.00000000e-05 -9.45834883e-05 
 5.85815263e-07  1.00000000e-05 -5.02653563e-04 
 5.86505585e-07  1.00000000e-05  1.70984968e+00 
 5.86968237e-07  1.00000000e-05  1.85865595e+00 
 5.87398650e-07  1.00000000e-05  1.74361359e+00 
 5.87968630e-07  1.00000000e-05  1.84444329e+00 
 5.88546951e-07  1.00000000e-05  1.75688703e+00 
 5.89056184e-07  1.00000000e-05  1.83310565e+00 
 5.89450436e-07  1.00000000e-05  5.16740171e-02 
 5.89747448e-07  1.00000000e-05 -8.76151076e-03 
 5.90061668e-07  1.00000000e-05  8.76636034e-03 
 5.90190891e-07  1.00000000e-05 -8.51224199e-03 
 5.90337072e-07  1.00000000e-05  8.07452299e-03 
 5.90497880e-07  1.00000000e-05 -7.58727383e-03 
 5.90770422e-07  1.00000000e-05  7.35034853e-03 
 5.91095786e-07  1.00000000e-05 -7.10590501e-03 
 5.91572727e-07  1.00000000e-05  6.98563644e-03 
 5.92295949e-07  1.00000000e-05 -6.86660196e-03 
 5.93295949e-07  1.00000000e-05  6.82284992e-03 
 5.94295949e-07  1.00000000e-05 -6.73218581e-03 
 5.95295949e-07  1.00000000e-05  6.68885430e-03 
 5.96295949e-07  1.00000000e-05 -6.60018802e-03 
 5.97295949e-07  1.00000000e-05  6.55726986e-03 
 5.98295949e-07  1.00000000e-05 -6.47061803e-03 
 5.99295949e-07  1.00000000e-05  6.42811769e-03 
 6.00295949e-07  1.00000000e-05 -6.34347364e-03 
 6.01295949e-07  1.00000000e-05  6.30139661e-03 
 6.02295949e-07  1.00000000e-05 -6.21874148e-03 
 6.03295949e-07  1.00000000e-05  6.17709364e-03 
 6.04295949e-07  1.00000000e-05 -6.09639993e-03 
 6.05295949e-07  1.00000000e-05  6.05518722e-03 
 6.06295949e-07  1.00000000e-05 -5.97642139e-03 
 6.07295949e-07  1.00000000e-05  5.93564957e-03 
 6.08295949e-07  1.00000000e-05 -5.85877418e-03 
 6.09295949e-07  1.00000000e-05  5.81844859e-03 
 6.10295949e-07  1.00000000e-05 -5.74343857e-03 
 6.11295949e-07  1.00000000e-05  5.70356078e-03 
 6.12295949e-07  1.00000000e-05 -5.60640269e-03 
 6.13272687e-07  1.00000000e-05  5.56723645e-03 
 6.14165890e-07  1.00000000e-05  1.69508346e+00 
 6.14674705e-07  1.00000000e-05  1.86961888e+00 
 6.15264122e-07  1.00000000e-05  1.72863834e+00 
 6.16005436e-07  1.00000000e-05  1.85773028e+00 
 6.16669680e-07  1.00000000e-05  1.74174345e+00 
 6.17160955e-07  1.00000000e-05  1.85331057e+00 
 6.17583893e-07  1.00000000e-05  2.03399556e-02 
 6.17841414e-07  1.00000000e-05 -1.24633529e-02 
 6.17957769e-07  1.00000000e-05  9.27121403e-03 
 6.18119738e-07  1.00000000e-05 -7.91251685e-03 
 6.18311225e-07  1.00000000e-05  7.39064822e-03 
 6.18515522e-07  1.00000000e-05 -6.89637336e-03 
 6.18893163e-07  1.00000000e-05  6.72587297e-03 
 6.19292817e-07  1.00000000e-05 -6.51123285e-03 
 6.20092125e-07  1.00000000e-05  6.45176422e-03 
 6.21092125e-07  1.00000000e-05 -6.35651661e-03 
 6.22092125e-07  1.00000000e-05  6.31491635e-03 
 6.23092125e-07  1.00000000e-05 -6.22432602e-03 
 6.24092125e-07  1.00000000e-05  6.18307833e-03 
 6.25092125e-07  1.00000000e-05 -6.09644373e-03 
 6.26092125e-07  1.00000000e-05  6.05559150e-03 
 6.27092125e-07  1.00000000e-05 -5.97237468e-03 
 6.28092125e-07  1.00000000e-05  5.93194563e-03 
 6.29092125e-07  1.00000000e-05 -5.85173228e-03 
 6.30092125e-07  1.00000000e-05  5.81174469e-03 
 6.31092125e-07  1.00000000e-05 -5.73421314e-03 
 6.32092125e-07  1.00000000e-05  5.69467898e-03 
 6.33092125e-07  1.00000000e-05 -5.61957717e-03 
 6.34092125e-07  1.00000000e-05  5.58050421e-03 
 6.35092125e-07  1.00000000e-05 -5.50763368e-03 
 6.36092125e-07  1.00000000e-05  5.46902680e-03 
 6.37092125e-07  1.00000000e-05 -5.39829281e-03 
 6.37217125e-07  1.00000000e-05 -8.96181775e-05 
 6.37467125e-07  1.00000000e-05  8.67903584e-05 
 6.37755522e-07  1.00000000e-05 -7.92429842e-05 
 6.38099320e-07  1.00000000e-05  1.00173150e-04 
 6.38444655e-07  1.00000000e-05 -7.39082279e-05 
 6.38948068e-07  1.00000000e-05  8.62243503e-05 
 6.39541345e-07  1.00000000e-05 -3.45302442e-04 
 6.40175854e-07  1.00000000e-05  1.69302941e+00 
 6.40614010e-07  1.00000000e-05  1.86035564e+00 
 6.41021630e-07  1.00000000e-05  1.74224201e+00 
 6.41515093e-07  1.00000000e-05  1.84415477e+00 
 6.42023596e-07  1.00000000e-05  1.75791167e+00 
 6.42709653e-07  1.00000000e-05  1.83440815e+00 
 6.43217574e-07  1.00000000e-05  3.69297879e-02 
 6.43632173e-07  1.00000000e-05 -5.38305602e-03 
 6.43872352e-07  1.00000000e-05  5.76950549e-03 
 6.43992954e-07  1.00000000e-05 -5.88558581e-03 
 6.44151222e-07  1.00000000e-05  5.65541433e-03 
 6.44355470e-07  1.00000000e-05 -5.40796020e-03 
 6.44573268e-07  1.00000000e-05  5.19627499e-03 
 6.44928915e-07  1.00000000e-05 -5.04582886e-03 
 6.45341773e-07  1.00000000e-05  4.94095328e-03 
 6.46162402e-07  1.00000000e-05 -4.87094855e-03 
 6.47162402e-07  1.00000000e-05  4.83516925e-03 
 6.48162402e-07  1.00000000e-05 -4.77661662e-03 
 6.49162402e-07  1.00000000e-05  4.74126835e-03 
 6.50162402e-07  1.00000000e-05 -4.68375584e-03 
 6.51162402e-07  1.00000000e-05  4.64884143e-03 
 6.52162402e-07  1.00000000e-05 -4.59242977e-03 
 6.53162402e-07  1.00000000e-05  4.55795609e-03 
 6.54162402e-07  1.00000000e-05 -4.50268174e-03 
 6.55162402e-07  1.00000000e-05  4.46865410e-03 
 6.56162402e-07  1.00000000e-05 -4.41453624e-03 
 6.57162402e-07  1.00000000e-05  4.38095858e-03 
 6.58162402e-07  1.00000000e-05 -4.32800373e-03 
 6.59162402e-07  1.00000000e-05  4.29487872e-03 
 6.60162402e-07  1.00000000e-05 -4.24308433e-03 
 6.61162402e-07  1.00000000e-05  4.21041333e-03 
 6.62162402e-07  1.00000000e-05 -4.15978144e-03 
 6.63162402e-07  1.00000000e-05  4.12755146e-03 
 6.64162402e-07  1.00000000e-05 -4.05704861e-03 
 6.65032266e-07  1.00000000e-05  4.03009295e-03 
 6.65928685e-07  1.00000000e-05  1.70170606e+00 
 6.66429306e-07  1.00000000e-05  1.86241438e+00 
 6.67005524e-07  1.00000000e-05  1.73696211e+00 
 6.67770377e-07  1.00000000e-05  1.85154903e+00 
 6.68427149e-07  1.00000000e-05  1.74862094e+00 
 6.68956342e-07  1.00000000e-05  1.84868558e+00 
 6.69400118e-07  1.00000000e-05  1.97680901e-02 
 6.69638183e-07  1.00000000e-05 -1.22190021e-02 
 6.69756314e-07  1.00000000e-05  9.28696210e-03 
 6.69915052e-07  1.00000000e-05 -7.96543425e-03 
 6.70107048e-07  1.00000000e-05  7.45796119e-03 
 6.70314522e-07  1.00000000e-05 -6.97641698e-03 
 6.70686465e-07  1.00000000e-05  6.80267735e-03 
 6.71089437e-07  1.00000000e-05 -6.58929305e-03 
 6.71892165e-07  1.00000000e-05  6.52986119e-03 
 6.72892165e-07  1.00000000e-05 -6.43412622e-03 
 6.73892165e-07  1.00000000e-05  6.39225490e-03 
 6.74892165e-07  1.00000000e-05 -6.30101244e-03 
 6.75892165e-07  1.00000000e-05  6.25948324e-03 
 6.76892165e-07  1.00000000e-05 -6.17208243e-03 
 6.77892165e-07  1.00000000e-05  6.13093876e-03 
 6.78892165e-07  1.00000000e-05 -6.04687821e-03 
 6.79892165e-07  1.00000000e-05  6.00614882e-03 
 6.80892165e-07  1.00000000e-05 -5.92504129e-03 
 6.81892165e-07  1.00000000e-05  5.88474560e-03 
 6.82892165e-07  1.00000000e-05 -5.80628941e-03 
 6.83892165e-07  1.00000000e-05  5.76644055e-03 
 6.84892165e-07  1.00000000e-05 -5.69039854e-03 
 6.85892165e-07  1.00000000e-05  5.65100528e-03 
 6.86892165e-07  1.00000000e-05 -5.57721134e-03 
 6.87892165e-07  1.00000000e-05  5.53827543e-03 
 6.88017165e-07  1.00000000e-05  1.24741290e-04 
 6.88267165e-07  1.00000000e-05 -1.17981787e-04 
 6.88554281e-07  1.00000000e-05  1.20335156e-04 
 6.88845685e-07  1.00000000e-05 -9.03200828e-05 
 6.89184602e-07  1.00000000e-05  1.10619749e-04 
 6.89653411e-07  1.00000000e-05 -9.52127707e-05 
 6.90226798e-07  1.00000000e-05 -3.97296002e-05 
 6.90832257e-07  1.00000000e-05  1.66994898e+00 
 6.91257645e-07  1.00000000e-05  1.85716365e+00 
 6.91656993e-07  1.00000000e-05  1.74600038e+00 
 6.92104937e-07  1.00000000e-05  1.84107655e+00 
 6.92579592e-07  1.00000000e-05  1.76147948e+00 
 6.93249723e-07  1.00000000e-05  1.83209155e+00 
 6.93757046e-07  1.00000000e-05  1.77057857e+00 
 6.94279461e-07  1.00000000e-05  3.55677606e-02 
 6.94546866e-07  1.00000000e-05 -1.89053356e-02 
 6.94745603e-07  1.00000000e-05  1.70482683e-02 
 6.94909311e-07  1.00000000e-05 -1.38770392e-02 
 6.95100947e-07  1.00000000e-05  1.29861116e-02 
 6.95286951e-07  1.00000000e-05 -1.19175721e-02 
 6.95658959e-07  1.00000000e-05  1.16565396e-02 
 6.96026268e-07  1.00000000e-05 -1.12053408e-02 
 6.96760885e-07  1.00000000e-05  1.11241437e-02 
 6.97760885e-07  1.00000000e-05 -1.09228142e-02 
 6.98760885e-07  1.00000000e-05  1.08828716e-02 
 6.99760885e-07  1.00000000e-05 -1.06933569e-02 
 7.00760885e-07  1.00000000e-05  1.06513276e-02 
 7.01760885e-07  1.00000000e-05 -1.04716660e-02 
 7.02760885e-07  1.00000000e-05  1.04281197e-02 
 7.03760885e-07  1.00000000e-05 -1.02568245e-02 
 7.04760885e-07  1.00000000e-05  1.02121719e-02 
 7.05760885e-07  1.00000000e-05 -1.00481057e-02 
 7.06760885e-07  1.00000000e-05  1.00026541e-02 
 7.07760885e-07  1.00000000e-05 -9.84493999e-03 
 7.08760885e-07  1.00000000e-05  9.79892151e-03 
 7.09760885e-07  1.00000000e-05 -9.64687754e-03 
 7.10760885e-07  1.00000000e-05  9.60046927e-03 
 7.11760885e-07  1.00000000e-05 -9.45356007e-03 
 7.12760885e-07  1.00000000e-05  9.40690122e-03 
 7.13760885e-07  1.00000000e-05 -9.26475683e-03 
 7.14760885e-07  1.00000000e-05  9.21098219e-03 
 7.15608661e-07  1.00000000e-05 -9.03517520e-03 
 7.16304420e-07  1.00000000e-05  8.19515606e-02 
 7.16873318e-07  1.00000000e-05  1.71481029e+00 
 7.17424812e-07  1.00000000e-05  1.86969571e+00 
 7.17986206e-07  1.00000000e-05  1.73113390e+00 
 7.18637971e-07  1.00000000e-05  1.85868852e+00 
 7.19192843e-07  1.00000000e-05  1.74317809e+00 
 7.19658903e-07  1.00000000e-05  5.87978780e-02 
 7.19999054e-07  1.00000000e-05 -2.59610020e-02 
 7.20324148e-07  1.00000000e-05  2.58983796e-02 
 7.20455285e-07  1.00000000e-05 -2.14021321e-02 
 7.20632400e-07  1.00000000e-05  2.02922370e-02 
 7.20814268e-07  1.00000000e-05 -1.87696289e-02 
 7.21178004e-07  1.00000000e-05  1.84418502e-02 
 7.21616201e-07  1.00000000e-05 -1.77993204e-02 
 7.22407341e-07  1.00000000e-05  1.77518997e-02 
 7.23407341e-07  1.00000000e-05 -1.73873162e-02 
 7.24407341e-07  1.00000000e-05  1.73818495e-02 
 7.25407341e-07  1.00000000e-05 -1.70336774e-02 
 7.26407341e-07  1.00000000e-05  1.70226092e-02 
 7.27407341e-07  1.00000000e-05 -1.66891305e-02 
 7.28407341e-07  1.00000000e-05  1.66733879e-02 
 7.29407341e-07  1.00000000e-05 -1.63530025e-02 
 7.30407341e-07  1.00000000e-05  1.63333110e-02 
 7.31407341e-07  1.00000000e-05 -1.60247591e-02 
 7.32407341e-07  1.00000000e-05  1.60016872e-02 
 7.33407341e-07  1.00000000e-05 -1.57039640e-02 
 7.34407341e-07  1.00000000e-05  1.56779637e-02 
 7.35407341e-07  1.00000000e-05 -1.53902561e-02 
 7.36407341e-07  1.00000000e-05  1.53616931e-02 
 7.37407341e-07  1.00000000e-05 -1.50833342e-02 
 7.38407341e-07  1.00000000e-05  1.50525927e-02 
 7.39407341e-07  1.00000000e-05 -1.47830378e-02 
 7.39532341e-07  1.00000000e-05 -2.45556804e-04 
 7.39782341e-07  1.00000000e-05  2.37440118e-04 
 7.40062833e-07  1.00000000e-05 -2.24778054e-04 
 7.40407170e-07  1.00000000e-05  2.41677258e-04 
 7.40749605e-07  1.00000000e-05 -2.11351181e-04 
 7.41251839e-07  1.00000000e-05  2.21084665e-04 
 7.41843005e-07  1.00000000e-05 -4.67257134e-04 
 7.42469293e-07  1.00000000e-05  1.69105913e+00 
 7.42901264e-07  1.00000000e-05  1.85986069e+00 
 7.43304706e-07  1.00000000e-05  1.74289366e+00 
 7.43787555e-07  1.00000000e-05  1.84351129e+00 
 7.44286668e-07  1.00000000e-05  1.75868902e+00 
 7.44892466e-07  1.00000000e-05  1.83359840e+00 
 7.45354787e-07  1.00000000e-05  1.77113981e+00 
 7.45848949e-07  1.00000000e-05  3.23358038e-02 
 7.46110065e-07  1.00000000e-05 -1.87253159e-02 
 7.46289002e-07  1.00000000e-05  1.66375485e-02 
 7.46463397e-07  1.00000000e-05 -1.39356461e-02 
 7.46654558e-07  1.00000000e-05  1.30722259e-02 
 7.46843065e-07  1.00000000e-05 -1.20359837e-02 
 7.47220080e-07  1.00000000e-05  1.17803027e-02 
 7.47583701e-07  1.00000000e-05 -1.13263799e-02 
 7.48310945e-07  1.00000000e-05  1.12430412e-02 
 7.49310945e-07  1.00000000e-05 -1.10413153e-02 
 7.50310945e-07  1.00000000e-05  1.10011559e-02 
 7.51310945e-07  1.00000000e-05 -1.08106885e-02 
 7.52310945e-07  1.00000000e-05  1.07685428e-02 
 7.53310945e-07  1.00000000e-05 -1.05875412e-02 
 7.54310945e-07  1.00000000e-05  1.05439407e-02 
 7.55310945e-07  1.00000000e-05 -1.03710361e-02 
 7.56310945e-07  1.00000000e-05  1.03263661e-02 
 7.57310945e-07  1.00000000e-05 -1.01605080e-02 
 7.58310945e-07  1.00000000e-05  1.01150581e-02 
 7.59310945e-07  1.00000000e-05 -9.95543382e-03 
 7.60310945e-07  1.00000000e-05  9.90942359e-03 
 7.61310945e-07  1.00000000e-05 -9.75539841e-03 
 7.62310945e-07  1.00000000e-05  9.70899680e-03 
 7.63310945e-07  1.00000000e-05 -9.56006989e-03 
 7.64310945e-07  1.00000000e-05  9.51342096e-03 
 7.65310945e-07  1.00000000e-05 -9.36924097e-03 
 7.66310945e-07  1.00000000e-05  9.31505925e-03 
 7.67158055e-07  1.00000000e-05 -9.13830957e-03 
 7.67830892e-07  1.00000000e-05  2.65560397e-02 
 7.68427490e-07  1.00000000e-05  1.70773794e+00 
 7.68965603e-07  1.00000000e-05  1.87391742e+00 
 7.69536073e-07  1.00000000e-05  1.72626099e+00 
 7.70249561e-07  1.00000000e-05  1.86257055e+00 
 7.70831976e-07  1.00000000e-05  1.73871142e+00 
 7.71415179e-07  1.00000000e-05  3.96548390e-02 
 7.71715217e-07  1.00000000e-05 -2.59059656e-02 
 7.71900454e-07  1.00000000e-05  2.41711780e-02 
 7.72045544e-07  1.00000000e-05 -2.01546804e-02 
 7.72228133e-07  1.00000000e-05  1.91065215e-02 
 7.72440332e-07  1.00000000e-05 -1.77940898e-02 
 7.72833297e-07  1.00000000e-05  1.75133110e-02 
 7.73252158e-07  1.00000000e-05 -1.68743045e-02 
 7.74089799e-07  1.00000000e-05  1.68373192e-02 
 7.75089799e-07  1.00000000e-05 -1.64908273e-02 
 7.76089799e-07  1.00000000e-05  1.64810687e-02 
 7.77089799e-07  1.00000000e-05 -1.61521675e-02 
 7.78089799e-07  1.00000000e-05  1.61365759e-02 
 7.79089799e-07  1.00000000e-05 -1.58229914e-02 
 7.80089799e-07  1.00000000e-05  1.58026748e-02 
 7.81089799e-07  1.00000000e-05 -1.55024657e-02 
 7.82089799e-07  1.00000000e-05  1.54782605e-02 
 7.83089799e-07  1.00000000e-05 -1.51899196e-02 
 7.84089799e-07  1.00000000e-05  1.51624706e-02 
 7.85089799e-07  1.00000000e-05 -1.48848154e-02 
 7.86089799e-07  1.00000000e-05  1.48546262e-02 
 7.87089799e-07  1.00000000e-05 -1.45867205e-02 
 7.88089799e-07  1.00000000e-05  1.45542730e-02 
 7.89089799e-07  1.00000000e-05 -1.42952214e-02 
 7.90089799e-07  1.00000000e-05  1.42381301e-02 
 7.91016973e-07  1.00000000e-05 -1.40363057e-02 
 7.91871693e-07  1.00000000e-05  1.79728410e+00 
 7.92437432e-07  1.00000000e-05  1.79773608e+00 
 7.93017294e-07  1.00000000e-05  1.80428013e+00 
 7.93772502e-07  1.00000000e-05  1.79502365e+00 
 7.94469486e-07  1.00000000e-05  1.80615310e+00 
 7.95003379e-07  1.00000000e-05  1.80082488e+00 
 7.95427555e-07  1.00000000e-05  2.95278983e-02 
 7.95709851e-07  1.00000000e-05 -2.25921775e-02 
 7.95817852e-07  1.00000000e-05  1.92975753e-02 
 7.95975480e-07  1.00000000e-05 -1.72965815e-02 
 7.96192568e-07  1.00000000e-05  1.66120180e-02 
 7.96423841e-07  1.00000000e-05 -1.56652162e-02 
 7.96878867e-07  1.00000000e-05  1.54522146e-02 
 7.97411831e-07  1.00000000e-05 -1.50131240e-02 
 7.98411831e-07  1.00000000e-05  1.49883644e-02 
 7.99411831e-07  1.00000000e-05 -1.47071244e-02 
 8.00411831e-07  1.00000000e-05  1.46786861e-02 
 8.01411831e-07  1.00000000e-05 -1.44091965e-02 
 8.02411831e-07  1.00000000e-05  1.43776392e-02 
 8.03411831e-07  1.00000000e-05 -1.41187591e-02 
 8.04411831e-07  1.00000000e-05  1.40846314e-02 
 8.05411831e-07  1.00000000e-05 -1.38352912e-02 
 8.06411831e-07  1.00000000e-05  1.37990196e-02 
 8.07411831e-07  1.00000000e-05 -1.35583714e-02 
 8.08411831e-07  1.00000000e-05  1.35202920e-02 
 8.09411831e-07  1.00000000e-05 -1.32876547e-02 
 8.10411831e-07  1.00000000e-05  1.32480361e-02 
 8.11411831e-07  1.00000000e-05 -1.30228540e-02 
 8.12411831e-07  1.00000000e-05  1.29819151e-02 
 8.13411831e-07  1.00000000e-05 -1.27637287e-02 
 8.14411831e-07  1.00000000e-05  1.27216969e-02 
 8.15411831e-07  1.00000000e-05 -1.25101577e-02 
 8.16411831e-07  1.00000000e-05  1.24465205e-02 
 8.17323498e-07  1.00000000e-05 -1.22462165e-02 
 8.18219295e-07  1.00000000e-05  1.79160782e+00 
 8.18883054e-07  1.00000000e-05  1.80298055e+00 
 8.19554583e-07  1.00000000e-05  1.79874140e+00 
 8.20440519e-07  1.00000000e-05  1.80010231e+00 
 8.21146441e-07  1.00000000e-05  1.82465692e+00 
 8.21647463e-07  1.00000000e-05  1.78063349e-02 
 8.21922781e-07  1.00000000e-05 -1.02162323e-02 
 8.22175286e-07  1.00000000e-05  8.85602271e-03 
 8.22338367e-07  1.00000000e-05 -6.69913585e-03 
 8.22531174e-07  1.00000000e-05  6.03739879e-03 
 8.22731479e-07  1.00000000e-05 -5.48925073e-03 
 8.23132091e-07  1.00000000e-05  5.33423181e-03 
 8.23557845e-07  1.00000000e-05 -5.14512499e-03 
 8.24409353e-07  1.00000000e-05  5.09522355e-03 
 8.25409353e-07  1.00000000e-05 -5.01147431e-03 
 8.26409353e-07  1.00000000e-05  4.97355568e-03 
 8.27409353e-07  1.00000000e-05 -4.89642760e-03 
 8.28409353e-07  1.00000000e-05  4.85934584e-03 
 8.29409353e-07  1.00000000e-05 -4.78751531e-03 
 8.30409353e-07  1.00000000e-05  4.75140604e-03 
 8.31409353e-07  1.00000000e-05 -4.68365193e-03 
 8.32409353e-07  1.00000000e-05  4.64808607e-03 
 8.33409353e-07  1.00000000e-05 -4.58408768e-03 
 8.34409353e-07  1.00000000e-05  4.54920537e-03 
 8.35409353e-07  1.00000000e-05 -4.48816531e-03 
 8.36409353e-07  1.00000000e-05  4.45392505e-03 
 8.37409353e-07  1.00000000e-05 -4.39540600e-03 
 8.38409353e-07  1.00000000e-05  4.36177223e-03 
 8.39409353e-07  1.00000000e-05 -4.30543936e-03 
 8.40409353e-07  1.00000000e-05  4.27238196e-03 
 8.41409353e-07  1.00000000e-05 -4.21797789e-03 
 8.42409353e-07  1.00000000e-05  4.18547000e-03 
 8.43409353e-07  1.00000000e-05 -4.13284434e-03 
 8.44409353e-07  1.00000000e-05  4.10556781e-03 
 8.45246738e-07  1.00000000e-05 -4.02203533e-03 
 8.46013290e-07  1.00000000e-05  1.69813637e+00 
 8.46495671e-07  1.00000000e-05  1.82034076e+00 
 8.47045448e-07  1.00000000e-05  1.78157984e+00 
 8.47772035e-07  1.00000000e-05  1.81578213e+00 
 8.48455574e-07  1.00000000e-05  1.78533781e+00 
 8.49003124e-07  1.00000000e-05  1.81095753e+00 
 8.49506498e-07  1.00000000e-05  2.61962164e-02 
 8.49761243e-07  1.00000000e-05 -1.53018741e-02 
 8.49973886e-07  1.00000000e-05  1.36895615e-02 
 8.50138539e-07  1.00000000e-05 -1.11264712e-02 
 8.50326424e-07  1.00000000e-05  1.03259379e-02 
 8.50527167e-07  1.00000000e-05 -9.52617342e-03 
 8.50928654e-07  1.00000000e-05  9.31929203e-03 
 8.51321576e-07  1.00000000e-05 -8.98199214e-03 
 8.52107420e-07  1.00000000e-05  8.91325659e-03 
 8.53107420e-07  1.00000000e-05 -8.76005738e-03 
 8.54107420e-07  1.00000000e-05  8.71722585e-03 
 8.55107420e-07  1.00000000e-05 -8.57358065e-03 
 8.56107420e-07  1.00000000e-05  8.52988596e-03 
 8.57107420e-07  1.00000000e-05 -8.39411421e-03 
 8.58107420e-07  1.00000000e-05  8.34988824e-03 
 8.59107420e-07  1.00000000e-05 -8.22072190e-03 
 8.60107420e-07  1.00000000e-05  8.17620082e-03 
 8.61107420e-07  1.00000000e-05 -8.05267418e-03 
 8.62107420e-07  1.00000000e-05  8.00803068e-03 
 8.63107420e-07  1.00000000e-05 -7.88940368e-03 
 8.64107420e-07  1.00000000e-05  7.84476525e-03 
 8.65107420e-07  1.00000000e-05 -7.73047595e-03 
 8.66107420e-07  1.00000000e-05  7.68594597e-03 
 8.67107420e-07  1.00000000e-05 -7.54926915e-03 
 8.67931782e-07  1.00000000e-05  7.48916968e-03 
 8.68786808e-07  1.00000000e-05  1.66893172e+00 
 8.69417654e-07  1.00000000e-05  1.87715157e+00 
 8.70004485e-07  1.00000000e-05  1.72005283e+00 
 8.70704033e-07  1.00000000e-05  1.86403572e+00 
 8.71315788e-07  1.00000000e-05  1.73549687e+00 
 8.71803129e-07  1.00000000e-05  1.84700272e+00 
 8.72200262e-07  1.00000000e-05  2.56698844e-02 
 8.72481741e-07  1.00000000e-05 -1.26143879e-02 
 8.72657384e-07  1.00000000e-05  1.01806671e-02 
 8.72816447e-07  1.00000000e-05 -7.93443034e-03 
 8.72998475e-07  1.00000000e-05  7.22636280e-03 
 8.73180105e-07  1.00000000e-05 -6.59292951e-03 
 8.73543364e-07  1.00000000e-05  6.40757151e-03 
 8.73878703e-07  1.00000000e-05 -6.15362638e-03 
 8.74549382e-07  1.00000000e-05  6.07689018e-03 
 8.75532138e-07  1.00000000e-05 -5.98423274e-03 
 8.76532138e-07  1.00000000e-05  5.94294594e-03 
 8.77532138e-07  1.00000000e-05 -5.85599249e-03 
 8.78532138e-07  1.00000000e-05  5.81515621e-03 
 8.79532138e-07  1.00000000e-05 -5.73280803e-03 
 8.80532138e-07  1.00000000e-05  5.69245694e-03 
 8.81532138e-07  1.00000000e-05 -5.61397013e-03 
 8.82532138e-07  1.00000000e-05  5.57412121e-03 
 8.83532138e-07  1.00000000e-05 -5.49892908e-03 
 8.84532138e-07  1.00000000e-05  5.45959027e-03 
 8.85532138e-07  1.00000000e-05 -5.38725864e-03 
 8.86532138e-07  1.00000000e-05  5.34843248e-03 
 8.87532138e-07  1.00000000e-05 -5.27862662e-03 
 8.88532138e-07  1.00000000e-05  5.24031228e-03 
 8.89532138e-07  1.00000000e-05 -5.17279535e-03 
 8.90532138e-07  1.00000000e-05  5.13498259e-03 
 8.90657138e-07  1.00000000e-05  1.16239037e-04 
 8.90907138e-07  1.00000000e-05 -1.09406302e-04 
 8.91197378e-07  1.00000000e-05  1.13054049e-04 
 8.91469980e-07  1.00000000e-05 -8.18894914e-05 
 8.91810055e-07  1.00000000e-05  1.02092103e-04 
 8.92267440e-07  1.00000000e-05 -8.69963959e-05 
 8.92839548e-07  1.00000000e-05 -3.98119674e-05 
 8.93442465e-07  1.00000000e-05  1.66584356e+00 
 8.93866243e-07  1.00000000e-05  1.85608157e+00 
 8.94265239e-07  1.00000000e-05  1.74721117e+00 
 8.94707864e-07  1.00000000e-05  1.84020988e+00 
 8.95179633e-07  1.00000000e-05  1.76239138e+00 
 8.95783925e-07  1.00000000e-05  1.83117388e+00 
 8.96282506e-07  1.00000000e-05  1.77120522e+00 
 8.96715302e-07  1.00000000e-05  6.51168878e-01 
 8.97008740e-07  1.00000000e-05 -2.15096378e-03 
 8.97263404e-07  1.00000000e-05  2.58234970e-03 
 8.97407546e-07  1.00000000e-05 -2.79416237e-03 
 8.97581996e-07  1.00000000e-05  2.75537953e-03 
 8.97743655e-07  1.00000000e-05 -2.63502534e-03 
 8.98026666e-07  1.00000000e-05  2.56021152e-03 
 8.98341477e-07  1.00000000e-05 -2.48476049e-03 
 8.98865520e-07  1.00000000e-05  2.44357117e-03 
 8.99595507e-07  1.00000000e-05 -2.40958283e-03 
 9.00595507e-07  1.00000000e-05  2.38935610e-03 
 9.01595507e-07  1.00000000e-05 -2.36402089e-03 
 9.02595507e-07  1.00000000e-05  2.34398586e-03 
 9.03595507e-07  1.00000000e-05 -2.31890619e-03 
 9.04595507e-07  1.00000000e-05  2.29909639e-03 
 9.05595507e-07  1.00000000e-05 -2.27434058e-03 
 9.06595507e-07  1.00000000e-05  2.25478055e-03 
 9.07595507e-07  1.00000000e-05 -2.23039661e-03 
 9.08595507e-07  1.00000000e-05  2.21110402e-03 
 9.09595507e-07  1.00000000e-05 -2.18712500e-03 
 9.10595507e-07  1.00000000e-05  2.16811225e-03 
 9.11595507e-07  1.00000000e-05 -2.14456006e-03 
 9.12595507e-07  1.00000000e-05  2.12583554e-03 
 9.13595507e-07  1.00000000e-05 -2.10272386e-03 
 9.14595507e-07  1.00000000e-05  2.08429285e-03 
 9.15595507e-07  1.00000000e-05 -2.06162934e-03 
 9.16595507e-07  1.00000000e-05  2.04349434e-03 
 9.17595507e-07  1.00000000e-05 -2.02128856e-03 
 9.18595507e-07  1.00000000e-05  2.00342745e-03 
 9.19595507e-07  1.00000000e-05 -1.96486714e-03 
 9.20420923e-07  1.00000000e-05  1.96141090e-03 
 9.21280970e-07  1.00000000e-05  1.70531929e+00 
 9.21886523e-07  1.00000000e-05  1.85631171e+00 
 9.22446829e-07  1.00000000e-05  1.74395241e+00 
 9.23160804e-07  1.00000000e-05  1.84575880e+00 
 9.23769777e-07  1.00000000e-05  1.75523473e+00 
 9.24242596e-07  1.00000000e-05  1.83195327e+00 
 9.24637816e-07  1.00000000e-05  3.08341570e-02 
 9.24914595e-07  1.00000000e-05 -1.53780403e-02 
 9.25141088e-07  1.00000000e-05  1.38562910e-02 
 9.25289453e-07  1.00000000e-05 -1.09252047e-02 
 9.25475310e-07  1.00000000e-05  1.01301336e-02 
 9.25647399e-07  1.00000000e-05 -9.25945280e-03 
 9.25991577e-07  1.00000000e-05  9.01532383e-03 
 9.26332352e-07  1.00000000e-05 -8.66543341e-03 
 9.27013903e-07  1.00000000e-05  8.57806530e-03 
 9.27939095e-07  1.00000000e-05 -8.43149282e-03 
 9.28939095e-07  1.00000000e-05  8.38714275e-03 
 9.29939095e-07  1.00000000e-05 -8.25561335e-03 
 9.30939095e-07  1.00000000e-05  8.21084021e-03 
 9.31939095e-07  1.00000000e-05 -8.08558034e-03 
 9.32939095e-07  1.00000000e-05  8.04060153e-03 
 9.33939095e-07  1.00000000e-05 -7.92071132e-03 
 9.34939095e-07  1.00000000e-05  7.87568144e-03 
 9.35939095e-07  1.00000000e-05 -7.76046973e-03 
 9.36939095e-07  1.00000000e-05  7.71550269e-03 
 9.37939095e-07  1.00000000e-05 -7.60443485e-03 
 9.38939095e-07  1.00000000e-05  7.55961543e-03 
 9.39939095e-07  1.00000000e-05 -7.45227442e-03 
 9.40939095e-07  1.00000000e-05  7.40766686e-03 
 9.41939095e-07  1.00000000e-05 -7.30375950e-03 
 9.42939095e-07  1.00000000e-05  7.25941861e-03 
 9.43939095e-07  1.00000000e-05 -7.13015051e-03 
 9.44939095e-07  1.00000000e-05  7.08745631e-03 
 9.45823059e-07  1.00000000e-05  1.68660963e+00 
 9.46342340e-07  1.00000000e-05  1.87611125e+00 
 9.46927126e-07  1.00000000e-05  1.72126107e+00 
 9.47662808e-07  1.00000000e-05  1.86323542e+00 
 9.48349860e-07  1.00000000e-05  1.73529287e+00 
 9.48863514e-07  1.00000000e-05  1.92804139e+00 
 9.49273941e-07  1.00000000e-05  1.31915496e-02 
 9.49529696e-07  1.00000000e-05 -9.97076852e-03 
 9.49640882e-07  1.00000000e-05  7.91402373e-03 
 9.49794148e-07  1.00000000e-05 -7.03014075e-03 
 9.50038638e-07  1.00000000e-05  6.71698232e-03 
 9.50260763e-07  1.00000000e-05 -6.34013959e-03 
 9.50705012e-07  1.00000000e-05  6.21243527e-03 
 9.51177247e-07  1.00000000e-05 -6.04805067e-03 
 9.52121718e-07  1.00000000e-05  6.00326130e-03 
 9.53121718e-07  1.00000000e-05 -5.91840571e-03 
 9.54121718e-07  1.00000000e-05  5.87780689e-03 
 9.55121718e-07  1.00000000e-05 -5.79648077e-03 
 9.56121718e-07  1.00000000e-05  5.75633386e-03 
 9.57121718e-07  1.00000000e-05 -5.67808293e-03 
 9.58121718e-07  1.00000000e-05  5.63840212e-03 
 9.59121718e-07  1.00000000e-05 -5.56287204e-03 
 9.60121718e-07  1.00000000e-05  5.52366564e-03 
 9.61121718e-07  1.00000000e-05 -5.45058026e-03 
 9.62121718e-07  1.00000000e-05  5.41185289e-03 
 9.63121718e-07  1.00000000e-05 -5.34099479e-03 
 9.64121718e-07  1.00000000e-05  5.30274874e-03 
 9.65121718e-07  1.00000000e-05 -5.23394470e-03 
 9.66121718e-07  1.00000000e-05  5.19618080e-03 
 9.67121718e-07  1.00000000e-05 -5.12929129e-03 
 9.68121718e-07  1.00000000e-05  5.09200915e-03 
 9.69121718e-07  1.00000000e-05 -5.02694736e-03 
 9.70121718e-07  1.00000000e-05  4.99013840e-03 
 9.70246718e-07  1.00000000e-05  1.13131110e-04 
 9.70496718e-07  1.00000000e-05 -1.05157006e-04 
 9.70800338e-07  1.00000000e-05  1.15949694e-04 
 9.71086881e-07  1.00000000e-05 -8.36753777e-05 
 9.71527431e-07  1.00000000e-05  9.83843562e-05 
 9.72152052e-07  1.00000000e-05 -9.62293734e-05 
 9.72756567e-07  1.00000000e-05 -2.24802609e-02 
 9.73343988e-07  1.00000000e-05  1.75505673e+00 
 9.73872859e-07  1.00000000e-05  1.83850812e+00 
 9.74397529e-07  1.00000000e-05  1.76361157e+00 
 9.75107711e-07  1.00000000e-05  1.83242515e+00 
 9.75722562e-07  1.00000000e-05  1.76912269e+00 
 9.76095992e-07  1.00000000e-05  1.81692105e+00 
 9.76389989e-07  1.00000000e-05  1.83313643e-02 
 9.76618940e-07  1.00000000e-05 -1.35785463e-02 
 9.76779457e-07  1.00000000e-05  1.20778944e-02 
 9.76930165e-07  1.00000000e-05 -1.06056491e-02 
 9.77100136e-07  1.00000000e-05  9.95057068e-03 
 9.77306609e-07  1.00000000e-05 -9.35173536e-03 
 9.77608434e-07  1.00000000e-05  9.08092074e-03 
 9.77983104e-07  1.00000000e-05 -8.78169323e-03 
 9.78578016e-07  1.00000000e-05  8.67479452e-03 
 9.79578016e-07  1.00000000e-05 -8.54290332e-03 
 9.80578016e-07  1.00000000e-05  8.49722853e-03 
 9.81578016e-07  1.00000000e-05 -8.37015364e-03 
 9.82578016e-07  1.00000000e-05  8.32442700e-03 
 9.83578016e-07  1.00000000e-05 -8.20169853e-03 
 9.84578016e-07  1.00000000e-05  8.15600898e-03 
 9.85578016e-07  1.00000000e-05 -8.03723813e-03 
 9.86578016e-07  1.00000000e-05  7.99165942e-03 
 9.87578016e-07  1.00000000e-05 -7.87653542e-03 
 9.88578016e-07  1.00000000e-05  7.83112517e-03 
 9.89578016e-07  1.00000000e-05 -7.71939622e-03 
 9.90578016e-07  1.00000000e-05  7.67420020e-03 
 9.91578016e-07  1.00000000e-05 -7.56565913e-03 
 9.92578016e-07  1.00000000e-05  7.52071431e-03 
 9.93578016e-07  1.00000000e-05 -7.41518789e-03 
 9.94578016e-07  1.00000000e-05  7.37052470e-03 
 9.95578016e-07  1.00000000e-05 -7.26786585e-03 
 9.96578016e-07  1.00000000e-05  7.22350992e-03 
 9.97578016e-07  1.00000000e-05 -7.12361419e-03 
 9.98578016e-07  1.00000000e-05  7.07959935e-03 
 9.98703016e-07  1.00000000e-05  1.59373360e-04 
 9.98953016e-07  1.00000000e-05 -1.51448621e-04 
 9.99238449e-07  1.00000000e-05  1.52149443e-04 
 9.99541606e-07  1.00000000e-05 -1.21814338e-04 
 9.99880880e-07  1.00000000e-05  1.41298549e-04 
 1.00000000e-06  1.00000000e-05 -1.24463650e-04 
