 v-sweep         i(Vmeas1)       v(W)           
-1.80000000e+00  4.26325641e-13 -1.80000000e+00 
-1.79000000e+00  4.19220214e-13 -1.79000000e+00 
-1.78000000e+00  4.26325641e-13 -1.78000000e+00 
-1.77000000e+00  4.33431069e-13 -1.77000000e+00 
-1.76000000e+00  4.26325641e-13 -1.76000000e+00 
-1.75000000e+00  4.33431069e-13 -1.75000000e+00 
-1.74000000e+00  4.33431069e-13 -1.74000000e+00 
-1.73000000e+00  4.40536496e-13 -1.73000000e+00 
-1.72000000e+00  4.26325641e-13 -1.72000000e+00 
-1.71000000e+00  4.26325641e-13 -1.71000000e+00 
-1.70000000e+00  4.26325641e-13 -1.70000000e+00 
-1.69000000e+00  4.33431069e-13 -1.69000000e+00 
-1.68000000e+00  4.26325641e-13 -1.68000000e+00 
-1.67000000e+00  4.33431069e-13 -1.67000000e+00 
-1.66000000e+00  4.33431069e-13 -1.66000000e+00 
-1.65000000e+00  4.26325641e-13 -1.65000000e+00 
-1.64000000e+00  4.33431069e-13 -1.64000000e+00 
-1.63000000e+00  4.33431069e-13 -1.63000000e+00 
-1.62000000e+00  4.26325641e-13 -1.62000000e+00 
-1.61000000e+00  4.26325641e-13 -1.61000000e+00 
-1.60000000e+00  4.33431069e-13 -1.60000000e+00 
-1.59000000e+00  4.33431069e-13 -1.59000000e+00 
-1.58000000e+00  4.26325641e-13 -1.58000000e+00 
-1.57000000e+00  4.26325641e-13 -1.57000000e+00 
-1.56000000e+00  4.33431069e-13 -1.56000000e+00 
-1.55000000e+00  4.26325641e-13 -1.55000000e+00 
-1.54000000e+00  4.33431069e-13 -1.54000000e+00 
-1.53000000e+00  4.26325641e-13 -1.53000000e+00 
-1.52000000e+00  4.33431069e-13 -1.52000000e+00 
-1.51000000e+00  4.26325641e-13 -1.51000000e+00 
-1.50000000e+00  4.26325641e-13 -1.50000000e+00 
-1.49000000e+00  4.33431069e-13 -1.49000000e+00 
-1.48000000e+00  4.26325641e-13 -1.48000000e+00 
-1.47000000e+00  4.26325641e-13 -1.47000000e+00 
-1.46000000e+00  4.26325641e-13 -1.46000000e+00 
-1.45000000e+00  4.33431069e-13 -1.45000000e+00 
-1.44000000e+00  4.26325641e-13 -1.44000000e+00 
-1.43000000e+00  4.26325641e-13 -1.43000000e+00 
-1.42000000e+00  4.33431069e-13 -1.42000000e+00 
-1.41000000e+00  4.33431069e-13 -1.41000000e+00 
-1.40000000e+00  4.26325641e-13 -1.40000000e+00 
-1.39000000e+00  4.26325641e-13 -1.39000000e+00 
-1.38000000e+00  4.26325641e-13 -1.38000000e+00 
-1.37000000e+00  4.19220214e-13 -1.37000000e+00 
-1.36000000e+00  4.26325641e-13 -1.36000000e+00 
-1.35000000e+00  4.26325641e-13 -1.35000000e+00 
-1.34000000e+00  4.26325641e-13 -1.34000000e+00 
-1.33000000e+00  4.33431069e-13 -1.33000000e+00 
-1.32000000e+00  4.26325641e-13 -1.32000000e+00 
-1.31000000e+00  4.26325641e-13 -1.31000000e+00 
-1.30000000e+00  4.26325641e-13 -1.30000000e+00 
-1.29000000e+00  4.33431069e-13 -1.29000000e+00 
-1.28000000e+00  4.26325641e-13 -1.28000000e+00 
-1.27000000e+00  4.26325641e-13 -1.27000000e+00 
-1.26000000e+00  4.33431069e-13 -1.26000000e+00 
-1.25000000e+00  4.33431069e-13 -1.25000000e+00 
-1.24000000e+00  4.33431069e-13 -1.24000000e+00 
-1.23000000e+00  4.26325641e-13 -1.23000000e+00 
-1.22000000e+00  4.33431069e-13 -1.22000000e+00 
-1.21000000e+00  4.26325641e-13 -1.21000000e+00 
-1.20000000e+00  4.33431069e-13 -1.20000000e+00 
-1.19000000e+00  4.33431069e-13 -1.19000000e+00 
-1.18000000e+00  4.26325641e-13 -1.18000000e+00 
-1.17000000e+00  4.26325641e-13 -1.17000000e+00 
-1.16000000e+00  4.33431069e-13 -1.16000000e+00 
-1.15000000e+00  4.33431069e-13 -1.15000000e+00 
-1.14000000e+00  4.26325641e-13 -1.14000000e+00 
-1.13000000e+00  4.26325641e-13 -1.13000000e+00 
-1.12000000e+00  4.26325641e-13 -1.12000000e+00 
-1.11000000e+00  4.26325641e-13 -1.11000000e+00 
-1.10000000e+00  4.26325641e-13 -1.10000000e+00 
-1.09000000e+00  4.26325641e-13 -1.09000000e+00 
-1.08000000e+00  4.33431069e-13 -1.08000000e+00 
-1.07000000e+00  4.26325641e-13 -1.07000000e+00 
-1.06000000e+00  4.33431069e-13 -1.06000000e+00 
-1.05000000e+00  4.33431069e-13 -1.05000000e+00 
-1.04000000e+00  4.26325641e-13 -1.04000000e+00 
-1.03000000e+00  4.33431069e-13 -1.03000000e+00 
-1.02000000e+00  4.26325641e-13 -1.02000000e+00 
-1.01000000e+00  4.33431069e-13 -1.01000000e+00 
-1.00000000e+00  4.26325641e-13 -1.00000000e+00 
-9.90000000e-01  4.33431069e-13 -9.90000000e-01 
-9.80000000e-01  4.26325641e-13 -9.80000000e-01 
-9.70000000e-01  4.26325641e-13 -9.70000000e-01 
-9.60000000e-01  4.33431069e-13 -9.60000000e-01 
-9.50000000e-01  4.33431069e-13 -9.50000000e-01 
-9.40000000e-01  4.26325641e-13 -9.40000000e-01 
-9.30000000e-01  4.26325641e-13 -9.30000000e-01 
-9.20000000e-01  4.19220214e-13 -9.20000000e-01 
-9.10000000e-01  4.33431069e-13 -9.10000000e-01 
-9.00000000e-01  4.33431069e-13 -9.00000000e-01 
-8.90000000e-01  4.26325641e-13 -8.90000000e-01 
-8.80000000e-01  4.26325641e-13 -8.80000000e-01 
-8.70000000e-01  4.26325641e-13 -8.70000000e-01 
-8.60000000e-01  4.33431069e-13 -8.60000000e-01 
-8.50000000e-01  4.33431069e-13 -8.50000000e-01 
-8.40000000e-01  4.26325641e-13 -8.40000000e-01 
-8.30000000e-01  4.26325641e-13 -8.30000000e-01 
-8.20000000e-01  4.33431069e-13 -8.20000000e-01 
-8.10000000e-01  4.26325641e-13 -8.10000000e-01 
-8.00000000e-01  4.26325641e-13 -8.00000000e-01 
-7.90000000e-01  4.26325641e-13 -7.90000000e-01 
-7.80000000e-01  4.33431069e-13 -7.80000000e-01 
-7.70000000e-01  4.26325641e-13 -7.70000000e-01 
-7.60000000e-01  4.26325641e-13 -7.60000000e-01 
-7.50000000e-01  4.33431069e-13 -7.50000000e-01 
-7.40000000e-01  4.26325641e-13 -7.40000000e-01 
-7.30000000e-01  4.26325641e-13 -7.30000000e-01 
-7.20000000e-01  4.26325641e-13 -7.20000000e-01 
-7.10000000e-01  4.26325641e-13 -7.10000000e-01 
-7.00000000e-01  4.33431069e-13 -7.00000000e-01 
-6.90000000e-01  4.26325641e-13 -6.90000000e-01 
-6.80000000e-01  4.33431069e-13 -6.80000000e-01 
-6.70000000e-01  4.26325641e-13 -6.70000000e-01 
-6.60000000e-01  4.26325641e-13 -6.60000000e-01 
-6.50000000e-01  4.26325641e-13 -6.50000000e-01 
-6.40000000e-01  4.19220214e-13 -6.40000000e-01 
-6.30000000e-01  4.26325641e-13 -6.30000000e-01 
-6.20000000e-01  4.33431069e-13 -6.20000000e-01 
-6.10000000e-01  4.26325641e-13 -6.10000000e-01 
-6.00000000e-01  4.26325641e-13 -6.00000000e-01 
-5.90000000e-01  4.26325641e-13 -5.90000000e-01 
-5.80000000e-01  4.26325641e-13 -5.80000000e-01 
-5.70000000e-01  4.26325641e-13 -5.70000000e-01 
-5.60000000e-01  4.26325641e-13 -5.60000000e-01 
-5.50000000e-01  4.26325641e-13 -5.50000000e-01 
-5.40000000e-01  4.26325641e-13 -5.40000000e-01 
-5.30000000e-01  4.33431069e-13 -5.30000000e-01 
-5.20000000e-01  4.33431069e-13 -5.20000000e-01 
-5.10000000e-01  4.33431069e-13 -5.10000000e-01 
-5.00000000e-01  4.26325641e-13 -5.00000000e-01 
-4.90000000e-01  4.33431069e-13 -4.90000000e-01 
-4.80000000e-01  4.33431069e-13 -4.80000000e-01 
-4.70000000e-01  4.33431069e-13 -4.70000000e-01 
-4.60000000e-01  4.26325641e-13 -4.60000000e-01 
-4.50000000e-01  4.33431069e-13 -4.50000000e-01 
-4.40000000e-01  4.26325641e-13 -4.40000000e-01 
-4.30000000e-01  4.40536496e-13 -4.30000000e-01 
-4.20000000e-01  4.26325641e-13 -4.20000000e-01 
-4.10000000e-01  4.26325641e-13 -4.10000000e-01 
-4.00000000e-01  4.33431069e-13 -4.00000000e-01 
-3.90000000e-01  4.26325641e-13 -3.90000000e-01 
-3.80000000e-01  4.26325641e-13 -3.80000000e-01 
-3.70000000e-01  4.40536496e-13 -3.70000000e-01 
-3.60000000e-01  4.33431069e-13 -3.60000000e-01 
-3.50000000e-01  4.26325641e-13 -3.50000000e-01 
-3.40000000e-01  4.26325641e-13 -3.40000000e-01 
-3.30000000e-01  4.33431069e-13 -3.30000000e-01 
-3.20000000e-01  4.19220214e-13 -3.20000000e-01 
-3.10000000e-01  4.26325641e-13 -3.10000000e-01 
-3.00000000e-01  4.33431069e-13 -3.00000000e-01 
-2.90000000e-01  4.26325641e-13 -2.90000000e-01 
-2.80000000e-01  4.33431069e-13 -2.80000000e-01 
-2.70000000e-01  4.33431069e-13 -2.70000000e-01 
-2.60000000e-01  4.33431069e-13 -2.60000000e-01 
-2.50000000e-01  4.33431069e-13 -2.50000000e-01 
-2.40000000e-01  4.33431069e-13 -2.40000000e-01 
-2.30000000e-01  4.33431069e-13 -2.30000000e-01 
-2.20000000e-01  4.33431069e-13 -2.20000000e-01 
-2.10000000e-01  4.33431069e-13 -2.10000000e-01 
-2.00000000e-01  4.40536496e-13 -2.00000000e-01 
-1.90000000e-01  4.47641924e-13 -1.90000000e-01 
-1.80000000e-01  4.40536496e-13 -1.80000000e-01 
-1.70000000e-01  4.47641924e-13 -1.70000000e-01 
-1.60000000e-01  4.61852778e-13 -1.60000000e-01 
-1.50000000e-01  4.83169060e-13 -1.50000000e-01 
-1.40000000e-01  4.83169060e-13 -1.40000000e-01 
-1.30000000e-01  5.04485342e-13 -1.30000000e-01 
-1.20000000e-01  5.32907052e-13 -1.20000000e-01 
-1.10000000e-01  5.75539616e-13 -1.10000000e-01 
-1.00000000e-01  6.03961325e-13 -1.00000000e-01 
-9.00000000e-02  6.75015599e-13 -9.00000000e-02 
-8.00000000e-02  7.46069873e-13 -8.00000000e-02 
-7.00000000e-02  8.38440428e-13 -7.00000000e-02 
-6.00000000e-02  9.73443548e-13 -6.00000000e-02 
-5.00000000e-02  1.12976295e-12 -5.00000000e-02 
-4.00000000e-02  1.35713663e-12 -4.00000000e-02 
-3.00000000e-02  1.66267000e-12 -3.00000000e-02 
-2.00000000e-02  2.03925765e-12 -2.00000000e-02 
-1.00000000e-02  2.53663757e-12 -1.00000000e-02 
 1.41900380e-15  3.21165317e-12  1.41900380e-15 
 1.00000000e-02  4.07851530e-12  1.00000000e-02 
 2.00000000e-02  5.22248911e-12  2.00000000e-02 
 3.00000000e-02  6.70752343e-12  3.00000000e-02 
 4.00000000e-02  8.66862138e-12  4.00000000e-02 
 5.00000000e-02  1.12621024e-11  5.00000000e-02 
 6.00000000e-02  1.46442858e-11  6.00000000e-02 
 7.00000000e-02  1.90780725e-11  7.00000000e-02 
 8.00000000e-02  2.49116283e-11  8.00000000e-02 
 9.00000000e-02  3.25570682e-11  9.00000000e-02 
 1.00000000e-01  4.25970370e-11  1.00000000e-01 
 1.10000000e-01  5.57562885e-11  1.10000000e-01 
 1.20000000e-01  7.30366878e-11  1.20000000e-01 
 1.30000000e-01  9.56958957e-11  1.30000000e-01 
 1.40000000e-01  1.25410793e-10  1.40000000e-01 
 1.50000000e-01  1.64405378e-10  1.50000000e-01 
 1.60000000e-01  2.15536033e-10  1.60000000e-01 
 1.70000000e-01  2.82582846e-10  1.70000000e-01 
 1.80000000e-01  3.70491193e-10  1.80000000e-01 
 1.90000000e-01  4.85698592e-10  1.90000000e-01 
 2.00000000e-01  6.36688924e-10  2.00000000e-01 
 2.10000000e-01  8.34518232e-10  2.10000000e-01 
 2.20000000e-01  1.09361764e-09  2.20000000e-01 
 2.30000000e-01  1.43290890e-09  2.30000000e-01 
 2.40000000e-01  1.87697680e-09  2.40000000e-01 
 2.50000000e-01  2.45800180e-09  2.50000000e-01 
 2.60000000e-01  3.21782778e-09  2.60000000e-01 
 2.70000000e-01  4.21099600e-09  2.70000000e-01 
 2.80000000e-01  5.50835466e-09  2.80000000e-01 
 2.90000000e-01  7.20195459e-09  2.90000000e-01 
 3.00000000e-01  9.41115275e-09  3.00000000e-01 
 3.10000000e-01  1.22904780e-08  3.10000000e-01 
 3.20000000e-01  1.60396922e-08  3.20000000e-01 
 3.30000000e-01  2.09164597e-08  3.30000000e-01 
 3.40000000e-01  2.72525114e-08  3.40000000e-01 
 3.50000000e-01  3.54740095e-08  3.50000000e-01 
 3.60000000e-01  4.61270346e-08  3.60000000e-01 
 3.70000000e-01  5.99097092e-08  3.70000000e-01 
 3.80000000e-01  7.77120732e-08  3.80000000e-01 
 3.90000000e-01  1.00665901e-07  3.90000000e-01 
 4.00000000e-01  1.30206672e-07  4.00000000e-01 
 4.10000000e-01  1.68150159e-07  4.10000000e-01 
 4.20000000e-01  2.16787896e-07  4.20000000e-01 
 4.30000000e-01  2.79005270e-07  4.30000000e-01 
 4.40000000e-01  3.58428537e-07  4.40000000e-01 
 4.50000000e-01  4.59607271e-07  4.50000000e-01 
 4.60000000e-01  5.88241214e-07  4.60000000e-01 
 4.70000000e-01  7.51460718e-07  4.70000000e-01 
 4.80000000e-01  9.58171029e-07  4.80000000e-01 
 4.90000000e-01  1.21946896e-06  4.90000000e-01 
 5.00000000e-01  1.54913638e-06  5.00000000e-01 
 5.10000000e-01  1.96420623e-06  5.10000000e-01 
 5.20000000e-01  2.48558348e-06  5.20000000e-01 
 5.30000000e-01  3.13868443e-06  5.30000000e-01 
 5.40000000e-01  3.95403491e-06  5.40000000e-01 
 5.50000000e-01  4.96774557e-06  5.50000000e-01 
 5.60000000e-01  6.22176538e-06  5.60000000e-01 
 5.70000000e-01  7.76380942e-06  5.70000000e-01 
 5.80000000e-01  9.64687207e-06  5.80000000e-01 
 5.90000000e-01  1.19282713e-05  5.90000000e-01 
 6.00000000e-01  1.46682251e-05  6.00000000e-01 
 6.10000000e-01  1.79280251e-05  6.10000000e-01 
 6.20000000e-01  2.17679391e-05  6.20000000e-01 
 6.30000000e-01  2.62450158e-05  6.30000000e-01 
 6.40000000e-01  3.14109929e-05  6.40000000e-01 
 6.50000000e-01  3.73104935e-05  6.50000000e-01 
 6.60000000e-01  4.39796590e-05  6.60000000e-01 
 6.70000000e-01  5.14453083e-05  6.70000000e-01 
 6.80000000e-01  5.97246455e-05  6.80000000e-01 
 6.90000000e-01  6.88254791e-05  6.90000000e-01 
 7.00000000e-01  7.87468686e-05  7.00000000e-01 
 7.10000000e-01  8.94800845e-05  7.10000000e-01 
 7.20000000e-01  1.01009761e-04  7.20000000e-01 
 7.30000000e-01  1.13315125e-04  7.30000000e-01 
 7.40000000e-01  1.26371204e-04  7.40000000e-01 
 7.50000000e-01  1.40149930e-04  7.50000000e-01 
 7.60000000e-01  1.54621100e-04  7.60000000e-01 
 7.70000000e-01  1.69753150e-04  7.70000000e-01 
 7.80000000e-01  1.85513735e-04  7.80000000e-01 
 7.90000000e-01  2.01870114e-04  7.90000000e-01 
 8.00000000e-01  2.18789349e-04  8.00000000e-01 
 8.10000000e-01  2.36238336e-04  8.10000000e-01 
 8.20000000e-01  2.54183672e-04  8.20000000e-01 
 8.30000000e-01  2.72591388e-04  8.30000000e-01 
 8.40000000e-01  2.91426556e-04  8.40000000e-01 
 8.50000000e-01  3.10652788e-04  8.50000000e-01 
 8.60000000e-01  3.30231657e-04  8.60000000e-01 
 8.70000000e-01  3.50122066e-04  8.70000000e-01 
 8.80000000e-01  3.70279619e-04  8.80000000e-01 
 8.90000000e-01  3.90656066e-04  8.90000000e-01 
 9.00000000e-01  4.11198937e-04  9.00000000e-01 
 9.10000000e-01  4.31851480e-04  9.10000000e-01 
 9.20000000e-01  4.52553067e-04  9.20000000e-01 
 9.30000000e-01  4.73240182e-04  9.30000000e-01 
 9.40000000e-01  4.93848033e-04  9.40000000e-01 
 9.50000000e-01  5.14312698e-04  9.50000000e-01 
 9.60000000e-01  5.34573560e-04  9.60000000e-01 
 9.70000000e-01  5.54575666e-04  9.70000000e-01 
 9.80000000e-01  5.74271614e-04  9.80000000e-01 
 9.90000000e-01  5.93622708e-04  9.90000000e-01 
 1.00000000e+00  6.12599272e-04  1.00000000e+00 
 1.01000000e+00  6.31180231e-04  1.01000000e+00 
 1.02000000e+00  6.49352170e-04  1.02000000e+00 
 1.03000000e+00  6.67108126e-04  1.03000000e+00 
 1.04000000e+00  6.84446311e-04  1.04000000e+00 
 1.05000000e+00  7.01368928e-04  1.05000000e+00 
 1.06000000e+00  7.17881145e-04  1.06000000e+00 
 1.07000000e+00  7.33990251e-04  1.07000000e+00 
 1.08000000e+00  7.49704996e-04  1.08000000e+00 
 1.09000000e+00  7.65035082e-04  1.09000000e+00 
 1.10000000e+00  7.79990784e-04  1.10000000e+00 
 1.11000000e+00  7.94582669e-04  1.11000000e+00 
 1.12000000e+00  8.08821399e-04  1.12000000e+00 
 1.13000000e+00  8.22717582e-04  1.13000000e+00 
 1.14000000e+00  8.36281678e-04  1.14000000e+00 
 1.15000000e+00  8.49523923e-04  1.15000000e+00 
 1.16000000e+00  8.62454290e-04  1.16000000e+00 
 1.17000000e+00  8.75082459e-04  1.17000000e+00 
 1.18000000e+00  8.87417799e-04  1.18000000e+00 
 1.19000000e+00  8.99469361e-04  1.19000000e+00 
 1.20000000e+00  9.11245877e-04  1.20000000e+00 
 1.21000000e+00  9.22755764e-04  1.21000000e+00 
 1.22000000e+00  9.34007129e-04  1.22000000e+00 
 1.23000000e+00  9.45007774e-04  1.23000000e+00 
 1.24000000e+00  9.55765211e-04  1.24000000e+00 
 1.25000000e+00  9.66286666e-04  1.25000000e+00 
 1.26000000e+00  9.76579096e-04  1.26000000e+00 
 1.27000000e+00  9.86649193e-04  1.27000000e+00 
 1.28000000e+00  9.96503398e-04  1.28000000e+00 
 1.29000000e+00  1.00614791e-03  1.29000000e+00 
 1.30000000e+00  1.01558870e-03  1.30000000e+00 
 1.31000000e+00  1.02483152e-03  1.31000000e+00 
 1.32000000e+00  1.03388191e-03  1.32000000e+00 
 1.33000000e+00  1.04274520e-03  1.33000000e+00 
 1.34000000e+00  1.05142652e-03  1.34000000e+00 
 1.35000000e+00  1.05993085e-03  1.35000000e+00 
 1.36000000e+00  1.06826296e-03  1.36000000e+00 
 1.37000000e+00  1.07642745e-03  1.37000000e+00 
 1.38000000e+00  1.08442878e-03  1.38000000e+00 
 1.39000000e+00  1.09227125e-03  1.39000000e+00 
 1.40000000e+00  1.09995899e-03  1.40000000e+00 
 1.41000000e+00  1.10749600e-03  1.41000000e+00 
 1.42000000e+00  1.11488617e-03  1.42000000e+00 
 1.43000000e+00  1.12213321e-03  1.43000000e+00 
 1.44000000e+00  1.12924074e-03  1.44000000e+00 
 1.45000000e+00  1.13621226e-03  1.45000000e+00 
 1.46000000e+00  1.14305113e-03  1.46000000e+00 
 1.47000000e+00  1.14976062e-03  1.47000000e+00 
 1.48000000e+00  1.15634389e-03  1.48000000e+00 
 1.49000000e+00  1.16280401e-03  1.49000000e+00 
 1.50000000e+00  1.16914392e-03  1.50000000e+00 
 1.51000000e+00  1.17536650e-03  1.51000000e+00 
 1.52000000e+00  1.18147452e-03  1.52000000e+00 
 1.53000000e+00  1.18747066e-03  1.53000000e+00 
 1.54000000e+00  1.19335755e-03  1.54000000e+00 
 1.55000000e+00  1.19913770e-03  1.55000000e+00 
 1.56000000e+00  1.20481356e-03  1.56000000e+00 
 1.57000000e+00  1.21038751e-03  1.57000000e+00 
 1.58000000e+00  1.21586185e-03  1.58000000e+00 
 1.59000000e+00  1.22123882e-03  1.59000000e+00 
 1.60000000e+00  1.22652058e-03  1.60000000e+00 
 1.61000000e+00  1.23170924e-03  1.61000000e+00 
 1.62000000e+00  1.23680684e-03  1.62000000e+00 
 1.63000000e+00  1.24181538e-03  1.63000000e+00 
 1.64000000e+00  1.24673677e-03  1.64000000e+00 
 1.65000000e+00  1.25157289e-03  1.65000000e+00 
 1.66000000e+00  1.25632555e-03  1.66000000e+00 
 1.67000000e+00  1.26099654e-03  1.67000000e+00 
 1.68000000e+00  1.26558756e-03  1.68000000e+00 
 1.69000000e+00  1.27010028e-03  1.69000000e+00 
 1.70000000e+00  1.27453634e-03  1.70000000e+00 
 1.71000000e+00  1.27889732e-03  1.71000000e+00 
 1.72000000e+00  1.28318474e-03  1.72000000e+00 
 1.73000000e+00  1.28740012e-03  1.73000000e+00 
 1.74000000e+00  1.29154490e-03  1.74000000e+00 
 1.75000000e+00  1.29562050e-03  1.75000000e+00 
 1.76000000e+00  1.29962830e-03  1.76000000e+00 
 1.77000000e+00  1.30356965e-03  1.77000000e+00 
 1.78000000e+00  1.30744585e-03  1.78000000e+00 
 1.79000000e+00  1.31125818e-03  1.79000000e+00 
 1.80000000e+00  1.31500789e-03  1.80000000e+00 
